2.000000000000000000e+01 2.968356974397417473e-03 2.970828653289358384e-03
2.197082283975116823e+01 3.536066324721500592e-03 3.542560838522534113e-03
2.413585281278657746e+01 4.469441405767581206e-03 4.483278847599068452e-03
2.651422731180217696e+01 5.653287515628930074e-03 5.679214081633866470e-03
2.912696955002487442e+01 7.217454379460980750e-03 7.264809712790160773e-03
3.199717439212116332e+01 9.103357986631876314e-03 9.179943329529002480e-03
3.515021249709584339e+01 1.080005391205867901e-02 1.090245324296374406e-02
3.861395457766499106e+01 1.244059475926110291e-02 1.257144620992570877e-02
4.241901775840381106e+01 1.423913132617696600e-02 1.439877446116088512e-02
4.659903621030743892e+01 1.539058238641816470e-02 1.555936886833260424e-02
5.119095845399071720e+01 1.641648959599357332e-02 1.661314406408006053e-02
5.623537395948461892e+01 2.030258278158041801e-02 2.075703368499276849e-02
6.177687192954963535e+01 3.268238566163035597e-02 3.402981154909183459e-02
6.786443543790656463e+01 5.230162731097686563e-02 5.488850726429796156e-02
7.455187440629879347e+01 6.948329371427094947e-02 7.306407990980598455e-02
8.189830124760845820e+01 8.284057444837167328e-02 8.710587600292846178e-02
8.996865337938888274e+01 9.438416432032425973e-02 9.899947885515217316e-02
9.883426722647666907e+01 1.016939472392773131e-01 1.066478763763410303e-01
1.085735087864771913e+02 1.033340754758079877e-01 1.086554438625130375e-01
1.192724663318928577e+02 1.042774991119994193e-01 1.106328581069193073e-01
1.310257113719101767e+02 1.099875746375173630e-01 1.181130043806155605e-01
1.439371346002304222e+02 1.201856219469187859e-01 1.311265374392899252e-01
1.581208642181539403e+02 1.351943149278414802e-01 1.493418696893008268e-01
1.737022747502705045e+02 1.509911313799051080e-01 1.680288813959979755e-01
1.908190952699987690e+02 1.687411544983750677e-01 1.920117903860683040e-01
2.096226268309370369e+02 1.857457170730109630e-01 2.129448677228662490e-01
2.302790798652893898e+02 1.933309881417361320e-01 2.161469198587307183e-01
2.529710433710591531e+02 2.016634858707993527e-01 2.262345338226898761e-01
2.778990988746274979e+02 2.252255490278351757e-01 2.626428677971530679e-01
3.052835934350466687e+02 2.557082421060354882e-01 3.011654014091957876e-01
3.353665873622013009e+02 2.799949438694073756e-01 3.274698902391708910e-01
3.684139938653432864e+02 3.126742111348528308e-01 3.771442954279757842e-01
4.047179295450310974e+02 3.597890829865313944e-01 4.495046586799371080e-01
4.445992965052391241e+02 4.113662409237952011e-01 5.200565706468346372e-01
4.884106189097299762e+02 4.644822250452378953e-01 5.836618957897207194e-01
5.365391590559448787e+02 5.062438133127974416e-01 6.213414395499425869e-01
5.894103405103619480e+02 5.331407016133831167e-01 6.386530448055173226e-01
6.474915085635286687e+02 5.591267844193624770e-01 6.594759804753892452e-01
7.112960612446256619e+02 5.948492755814936972e-01 6.934162061910112973e-01
7.813879874109226193e+02 6.205909479207172286e-01 7.117143531940750556e-01
8.583868520257556156e+02 6.285730639281436050e-01 7.113329896759378324e-01
9.429732726914779732e+02 6.424715328469653430e-01 7.321576309301341956e-01
1.035894935846242561e+03 6.576698463540231465e-01 7.608569491154905107e-01
1.137973205803658630e+03 6.500407334644783264e-01 7.576581036217185927e-01
1.250110385054793824e+03 6.224658687533715096e-01 7.308538294491658815e-01
1.373297690008599602e+03 6.006425904169386820e-01 7.217735693943716502e-01
1.508624012670923094e+03 5.740329658126744894e-01 7.097363493409453161e-01
1.657285545709368535e+03 5.119902352816454449e-01 6.419722946272297115e-01
1.820596355983043622e+03 4.429887568456740699e-01 5.545895988097901963e-01
2.000000000000000000e+03 4.008873815025934539e-01 4.996685420154935442e-01
