2.000000000000000000e+01 2.295793081042027062e+00 2.295793081042026174e+00
2.197082283975116823e+01 2.280333996222726700e+00 2.276919006312609906e+00
2.413585281278657746e+01 2.324764216295119201e+00 2.328499384561407481e+00
2.651422731180217696e+01 2.217603924693039907e+00 2.211666209734068467e+00
2.912696955002487442e+01 1.966585647646150736e+00 1.990156094184685420e+00
3.199717439212116332e+01 1.958784527301805189e+00 1.980936693672313176e+00
3.515021249709584339e+01 1.948473008667836570e+00 1.972179627591414519e+00
3.861395457766499106e+01 1.968670815291588161e+00 1.997066234971683674e+00
4.241901775840381106e+01 1.950199754717920397e+00 1.979542814642075932e+00
4.659903621030743892e+01 1.948333969386289333e+00 1.978945523087435765e+00
5.119095845399071720e+01 1.948270069421298434e+00 1.982137264920616149e+00
5.623537395948461892e+01 1.935714963527534582e+00 1.969918718231804755e+00
6.177687192954963535e+01 1.924927226611670150e+00 1.960025801553280322e+00
6.786443543790656463e+01 1.927334440853597952e+00 1.966951833784111869e+00
7.455187440629879347e+01 1.922848366580255375e+00 1.964464126685605772e+00
8.189830124760845820e+01 1.921893673715216355e+00 1.965855103133987036e+00
8.996865337938888274e+01 1.926245470421982020e+00 1.974266454823685901e+00
9.883426722647666907e+01 1.921227309834023567e+00 1.971953125107234417e+00
1.085735087864771913e+02 1.923693487137274172e+00 1.978483167576438495e+00
1.192724663318928577e+02 1.927818295092852852e+00 1.986420478159820924e+00
1.310257113719101767e+02 1.930601139980353542e+00 1.990833923810752193e+00
1.439371346002304222e+02 1.944661410472868113e+00 2.009197527209808154e+00
1.581208642181539403e+02 1.958905948288264032e+00 2.027580307687296024e+00
1.737022747502705045e+02 1.969377841157047726e+00 2.037434505656630535e+00
1.908190952699987690e+02 1.984720530861136867e+00 2.054094443900822853e+00
2.096226268309370369e+02 1.995148018517937771e+00 2.063659782095822681e+00
2.302790798652893898e+02 2.001765917906378256e+00 2.068071697350779559e+00
2.529710433710591531e+02 2.017948770511418743e+00 2.083868742231273608e+00
2.778990988746274979e+02 2.029776104463808295e+00 2.092887096913414346e+00
3.052835934350466687e+02 2.037624204235151559e+00 2.096460073073663999e+00
3.353665873622013009e+02 2.047263007399305224e+00 2.104392661477797688e+00
3.684139938653432864e+02 2.047667811719148467e+00 2.100681703638938913e+00
4.047179295450310974e+02 2.045592780591590554e+00 2.094887305376898379e+00
4.445992965052391241e+02 2.057665564623687438e+00 2.106584638595990544e+00
4.884106189097299762e+02 2.070269237201940005e+00 2.114505709135211298e+00
5.365391590559448787e+02 2.086398370871382024e+00 2.126613803218385446e+00
5.894103405103619480e+02 2.104519856095753205e+00 2.143870262357223666e+00
6.474915085635286687e+02 2.091404212901873727e+00 2.124021583748040065e+00
7.112960612446256619e+02 2.090664163513420881e+00 2.122008086001081928e+00
7.813879874109226193e+02 2.139360503857998808e+00 2.175268161562237346e+00
8.583868520257556156e+02 2.085099021338346237e+00 2.105751970232804471e+00
9.429732726914779732e+02 2.168820551124865936e+00 2.192812893860226708e+00
1.035894935846242561e+03 2.151293168163272540e+00 2.162736006927782118e+00
1.137973205803658630e+03 2.222585004103721840e+00 2.225701219970878775e+00
1.250110385054793824e+03 2.413726147549454026e+00 2.421426544546911419e+00
1.373297690008599602e+03 2.461330074958761216e+00 2.460014202536596972e+00
1.508624012670923094e+03 2.372539689264528739e+00 2.372959003604108830e+00
1.657285545709368535e+03 4.802345940237407227e+12 5.085087038111378906e+12
1.820596355983043622e+03 1.662943489212732162e+00 1.662943489212731718e+00
2.000000000000000000e+03 1.658385498237830769e+00 1.658385498237830991e+00
