2.000000000000000000e+01 2.964053204524698306e-03 2.966504483968377542e-03
2.197082283975116823e+01 3.529749069708204914e-03 3.536198323455636786e-03
2.413585281278657746e+01 4.459342828192666176e-03 4.473082617612064542e-03
2.651422731180217696e+01 5.637317189044372366e-03 5.663042455321209631e-03
2.912696955002487442e+01 7.191945592690859000e-03 7.238890676158877581e-03
3.199717439212116332e+01 9.064546504675294325e-03 9.140404800952572906e-03
3.515021249709584339e+01 1.074829051776786393e-02 1.084965502213052976e-02
3.861395457766499106e+01 1.237659285132453220e-02 1.250610757216587959e-02
4.241901775840381106e+01 1.416397654826274076e-02 1.432205218833469164e-02
4.659903621030743892e+01 1.531147959417167824e-02 1.547868286532225884e-02
5.119095845399071720e+01 1.633039086073758556e-02 1.652487499003243987e-02
5.623537395948461892e+01 2.015506681749489049e-02 2.060118326246974593e-02
6.177687192954963535e+01 3.229362038045244243e-02 3.360850988648544230e-02
6.786443543790656463e+01 5.146785424673468168e-02 5.397854700276552564e-02
7.455187440629879347e+01 6.815363657266160224e-02 7.160438404234042986e-02
8.189830124760845820e+01 8.101019024052905082e-02 8.508690675621838340e-02
8.996865337938888274e+01 9.202054568083334329e-02 9.638280860703861419e-02
9.883426722647666907e+01 9.878433144693471446e-02 1.034057115496805762e-01
1.085735087864771913e+02 9.993945058477929355e-02 1.048336277156392410e-01
1.192724663318928577e+02 1.002423035853561850e-01 1.059956622343209559e-01
1.310257113719101767e+02 1.049904240309708914e-01 1.122177843121980878e-01
1.439371346002304222e+02 1.137439067968947087e-01 1.232405742892457440e-01
1.581208642181539403e+02 1.266683317138782849e-01 1.386478020564906044e-01
1.737022747502705045e+02 1.398828821056523897e-01 1.536815521309218557e-01
1.908190952699987690e+02 1.534468800935305521e-01 1.711478150331374182e-01
2.096226268309370369e+02 1.651708980850494501e-01 1.843391041570345279e-01
2.302790798652893898e+02 1.676320082990700455e-01 1.800194020062417799e-01
2.529710433710591531e+02 1.663785387833902618e-01 1.727064458820561921e-01
2.778990988746274979e+02 1.692080814575790959e-01 1.728361124615404310e-01
3.052835934350466687e+02 1.707442498959292621e-01 1.657758912963734899e-01
3.353665873622013009e+02 1.598693907034973993e-01 1.382026088540078135e-01
3.684139938653432864e+02 1.357099620604830803e-01 9.996827793502174875e-02
4.047179295450310974e+02 1.063808990428142531e-01 6.653637446834065328e-02
4.445992965052391241e+02 8.022789664906893048e-02 4.358992593230699708e-02
4.884106189097299762e+02 5.970113993579111156e-02 2.880964730368100121e-02
5.365391590559448787e+02 4.268644779546281603e-02 1.838584648182332512e-02
5.894103405103619480e+02 2.860417841127502192e-02 1.099571413042078200e-02
6.474915085635286687e+02 1.804591470149605192e-02 6.223361573339077774e-03
7.112960612446256619e+02 1.078840652715169941e-02 3.373453526625485623e-03
7.813879874109226193e+02 6.017109643393835257e-03 1.721737529252024028e-03
8.583868520257556156e+02 3.055030248624265084e-03 8.063103155935812940e-04
9.429732726914779732e+02 1.376255419069595054e-03 3.385929812179135339e-04
1.035894935846242561e+03 5.334297894059899896e-04 1.232499374009835762e-04
1.137973205803658630e+03 1.773402170649789804e-04 3.869663517086909741e-05
1.250110385054793824e+03 5.128905261398509835e-05 1.065223122739141492e-05
1.373297690008599602e+03 1.346576193457482459e-05 2.693819573801250926e-06
1.508624012670923094e+03 3.513156051759069862e-06 6.889748920534695559e-07
1.657285545709368535e+03 9.157685780438455262e-07 1.784147417614053940e-07
1.820596355983043622e+03 2.127163086549343081e-07 4.134017856438027168e-08
2.000000000000000000e+03 4.315462794188224269e-08 8.360447954505417651e-09
