2.000000000000000000e+01 1.763406224070550888e+04 3.769288038531773782e+04
2.197082283975116823e+01 1.414072628132132195e+04 3.300476105600540905e+04
2.413585281278657746e+01 1.116264236734802398e+04 2.854821908785471169e+04
2.651422731180217696e+01 8.616737303696121671e+03 2.392172970948801594e+04
2.912696955002487442e+01 6.101549827774993901e+03 1.860467829124677883e+04
3.199717439212116332e+01 4.805895329547633992e+03 1.581320376675150328e+04
3.515021249709584339e+01 3.700500154555631070e+03 1.308841099027067685e+04
3.861395457766499106e+01 2.866562818165745739e+03 1.081054707614887047e+04
4.241901775840381106e+01 2.274426117006798449e+03 9.037627278480023961e+03
4.659903621030743892e+01 1.864706638641321661e+03 7.741586661746303434e+03
5.119095845399071720e+01 1.477405492500498212e+03 6.325288026453549719e+03
5.623537395948461892e+01 1.136257627237180714e+03 4.930805662568735897e+03
6.177687192954963535e+01 8.886219894262874277e+02 3.846165246056650631e+03
6.786443543790656463e+01 7.021310656521694682e+02 2.998999838000370346e+03
7.455187440629879347e+01 5.351330348080261956e+02 2.232000706548894414e+03
8.189830124760845820e+01 4.164922402347493744e+02 1.683745801080046704e+03
8.996865337938888274e+01 3.262722009866999429e+02 1.275648658946168098e+03
9.883426722647666907e+01 2.245436396881737267e+02 8.491725161070003196e+02
1.085735087864771913e+02 1.418608671359276343e+02 5.214126083769797333e+02
1.192724663318928577e+02 9.038320042560489753e+01 3.232384484152101436e+02
1.310257113719101767e+02 6.056317687857697507e+01 2.096042800248698939e+02
1.439371346002304222e+02 4.292235973085470135e+01 1.434813556842489106e+02
1.581208642181539403e+02 3.104499047067117345e+01 9.926853603276653359e+01
1.737022747502705045e+02 2.235293355785296043e+01 6.748526853522866986e+01
1.908190952699987690e+02 1.612797991183737523e+01 4.616714134873480901e+01
2.096226268309370369e+02 1.186211238546810876e+01 3.254175862923804630e+01
2.302790798652893898e+02 8.729080633085986918e+00 2.237747824573859390e+01
2.529710433710591531e+02 6.301615684529779493e+00 1.438574539679903630e+01
2.778990988746274979e+02 4.599599403590857172e+00 9.432300189554148062e+00
3.052835934350466687e+02 3.501220457795531260e+00 6.715012531689386499e+00
3.353665873622013009e+02 2.639692471297436338e+00 4.561276511928768151e+00
3.684139938653432864e+02 1.837486050948878624e+00 2.646054383601013971e+00
4.047179295450310974e+02 1.258701563629274656e+00 1.603937829838317786e+00
4.445992965052391241e+02 9.208756698978904920e-01 1.123756763687109972e+00
4.884106189097299762e+02 6.971501013259995272e-01 8.229974397500312566e-01
5.365391590559448787e+02 5.422542260719706020e-01 6.294168703076399307e-01
5.894103405103619480e+02 4.398346195820353466e-01 5.166422132792758415e-01
6.474915085635286687e+02 3.471013355883033613e-01 4.100172917443657417e-01
7.112960612446256619e+02 2.602139702016250111e-01 3.072978215141148883e-01
7.813879874109226193e+02 1.915439756903756507e-01 2.280768824312159049e-01
8.583868520257556156e+02 1.475105104542596413e-01 1.783569613689718336e-01
9.429732726914779732e+02 1.337675378629519241e-01 1.623776629848924791e-01
1.035894935846242561e+03 1.246919169567095864e-01 1.469432291238857158e-01
1.137973205803658630e+03 1.190841581061122630e-14 1.262285376055456262e-14
1.250110385054793824e+03 5.703006563029940960e-16 5.777520091856341406e-16
1.373297690008599602e+03 8.845293913908062079e-17 8.428796585494862149e-17
1.508624012670923094e+03 4.542399532990740113e-17 3.975852665037332838e-17
1.657285545709368535e+03 3.691449609468176740e-02 3.123370978210925075e-02
1.820596355983043622e+03 5.293421883695031971e-02 4.042008648619586225e-02
2.000000000000000000e+03 3.625008723058262272e-02 2.474386232437499056e-02
