2.000000000000000000e+01 1.264018289526156696e+04 8.022395126058328606e+04
2.197082283975116823e+01 9.213400910023055985e+03 5.209489418130602280e+04
2.413585281278657746e+01 6.147891524655854482e+03 2.558141701287930118e+04
2.651422731180217696e+01 4.454011433432584454e+03 1.523567981402623445e+04
2.912696955002487442e+01 3.186823598364962891e+03 1.030515775423020023e+04
3.199717439212116332e+01 2.609579694314529661e+03 8.355469957380078995e+03
3.515021249709584339e+01 2.111826369049993446e+03 6.912900489325604212e+03
3.861395457766499106e+01 1.725205322683691975e+03 5.868755072675650808e+03
4.241901775840381106e+01 1.442970671783249600e+03 5.126150987045206421e+03
4.659903621030743892e+01 1.244717598005159971e+03 4.641176385090969234e+03
5.119095845399071720e+01 1.034094586707751205e+03 4.040839955654712412e+03
5.623537395948461892e+01 8.309577234468243887e+02 3.372660881155686184e+03
6.177687192954963535e+01 6.766425593394171756e+02 2.823624285221484115e+03
6.786443543790656463e+01 5.547592316333276585e+02 2.359265629578609605e+03
7.455187440629879347e+01 4.372964537346250609e+02 1.870699915223418202e+03
8.189830124760845820e+01 3.509725347480832056e+02 1.490266771235000760e+03
8.996865337938888274e+01 2.827324686873142241e+02 1.178549678471455309e+03
9.883426722647666907e+01 1.996996794154661927e+02 8.089223736363555872e+02
1.085735087864771913e+02 1.292263090028391161e+02 5.063684027826832903e+02
1.192724663318928577e+02 8.417798735765929052e+01 3.172038218666372700e+02
1.310257113719101767e+02 5.758481788023880910e+01 2.066078137255882439e+02
1.439371346002304222e+02 4.163030768387036318e+01 1.416189364551549090e+02
1.581208642181539403e+02 3.068433347803652467e+01 9.799880943144798096e+01
1.737022747502705045e+02 2.249855750714257852e+01 6.664977500963557588e+01
1.908190952699987690e+02 1.652903028013806619e+01 4.565340132443056831e+01
2.096226268309370369e+02 1.237553023857387124e+01 3.225338425926207719e+01
2.302790798652893898e+02 9.273778932085228632e+00 2.225019838793350857e+01
2.529710433710591531e+02 6.821190167522934722e+00 1.436083662481055434e+01
2.778990988746274979e+02 5.077058272107181303e+00 9.459947325310711363e+00
3.052835934350466687e+02 3.946148112678570907e+00 6.771773961100769235e+00
3.353665873622013009e+02 3.042578951678017507e+00 4.630512378901217474e+00
3.684139938653432864e+02 2.170428684836751554e+00 2.708604727598268536e+00
4.047179295450310974e+02 1.527376641964094839e+00 1.659414134021501175e+00
4.445992965052391241e+02 1.151310982334521560e+00 1.178846252499923697e+00
4.884106189097299762e+02 9.011896715137620584e-01 8.792603942233676584e-01
5.365391590559448787e+02 7.276904097190315390e-01 6.888211839308781004e-01
5.894103405103619480e+02 6.156368930063352840e-01 5.836882799035735259e-01
6.474915085635286687e+02 5.095085461792122628e-01 4.830739419501718368e-01
7.112960612446256619e+02 4.030888701308222299e-01 3.825495437454927150e-01
7.813879874109226193e+02 3.154016183461976763e-01 3.050589969626274489e-01
8.583868520257556156e+02 2.603399328699368409e-01 2.616465309372357217e-01
9.429732726914779732e+02 2.554656639229644366e-01 2.678139320279110391e-01
1.035894935846242561e+03 2.605553567528615666e-01 2.804078844164137330e-01
1.137973205803658630e+03 2.757461499438405356e-14 2.876454636695029119e-14
1.250110385054793824e+03 1.485132428476169707e-15 1.625766088613838370e-15
1.373297690008599602e+03 2.635486941149068910e-16 3.030867975612586931e-16
1.508624012670923094e+03 1.580028522336919060e-16 1.890292056887680219e-16
1.657285545709368535e+03 1.535117033219340343e-01 2.031386976691041957e-01
1.820596355983043622e+03 2.707557405459591893e-01 3.722743199309430651e-01
2.000000000000000000e+03 2.360032334348136085e-01 3.347119311535594055e-01
