2.000000000000000000e+01 1.558001533812282560e+03 5.660417411807950884e+03
2.197082283975116823e+01 1.486019220529441782e+03 5.575919669106909168e+03
2.413585281278657746e+01 1.426095151262150239e+03 5.496343492834740573e+03
2.651422731180217696e+01 1.302480809061679111e+03 5.095447818334283511e+03
2.912696955002487442e+01 1.071976240071367329e+03 4.296706575264076491e+03
3.199717439212116332e+01 1.001611096473296016e+03 4.025313814264697157e+03
3.515021249709584339e+01 9.308712799223013690e+02 3.727956503522652383e+03
3.861395457766499106e+01 8.653690651660798494e+02 3.438404344778045470e+03
4.241901775840381106e+01 7.914857213408533880e+02 3.094780883615574112e+03
4.659903621030743892e+01 7.215005971040087616e+02 2.765526098686603291e+03
5.119095845399071720e+01 6.484317810449593935e+02 2.425151520906934820e+03
5.623537395948461892e+01 5.743483386041064023e+02 2.084581946661386610e+03
6.177687192954963535e+01 5.023913047147226507e+02 1.761496239969880662e+03
6.786443543790656463e+01 4.356869933132697383e+02 1.472327294455343235e+03
7.455187440629879347e+01 3.719375263769678099e+02 1.205812032915526061e+03
8.189830124760845820e+01 3.165554332893964329e+02 9.847833996217564163e+02
8.996865337938888274e+01 2.693691390906232073e+02 8.050915889580120393e+02
9.883426722647666907e+01 2.281792841348555783e+02 6.536653562975715204e+02
1.085735087864771913e+02 1.951208482173829566e+02 5.379397226837272683e+02
1.192724663318928577e+02 1.678129116885357348e+02 4.467392503652266669e+02
1.310257113719101767e+02 1.447554552090855680e+02 3.722397882385500907e+02
1.439371346002304222e+02 1.268044794175824848e+02 3.169794017963346278e+02
1.581208642181539403e+02 1.118806124864463669e+02 2.725683616223619765e+02
1.737022747502705045e+02 9.955884835254187237e+01 2.379128998673819808e+02
1.908190952699987690e+02 9.053610733838249303e+01 2.150782329952443490e+02
2.096226268309370369e+02 8.423296247308594786e+01 2.011339790369940488e+02
2.302790798652893898e+02 8.038106132326998932e+01 1.946705792665422052e+02
2.529710433710591531e+02 7.916488380533631641e+01 1.960841876189446396e+02
2.778990988746274979e+02 7.991494074754190535e+01 2.034899011728169000e+02
3.052835934350466687e+02 8.266812399361324992e+01 2.172507532436221709e+02
3.353665873622013009e+02 8.795722780357075976e+01 2.395689197705766276e+02
3.684139938653432864e+02 9.578305592926112411e+01 2.703454077810525291e+02
4.047179295450310974e+02 1.070099272736098612e+02 3.125323608907785342e+02
4.445992965052391241e+02 1.235087624140734164e+02 3.722504943532320567e+02
4.884106189097299762e+02 1.459182837244933921e+02 4.495624969479277411e+02
5.365391590559448787e+02 1.776331203595605643e+02 5.557681823701946087e+02
5.894103405103619480e+02 2.244162174004753183e+02 7.097740291682960105e+02
6.474915085635286687e+02 2.918710517179294470e+02 9.228511044623739963e+02
7.112960612446256619e+02 4.126129570275040237e+02 1.303459764535155728e+03
7.813879874109226193e+02 6.489190694044026486e+02 2.030263139431577429e+03
8.583868520257556156e+02 1.151204579457059026e+03 3.524832210969646894e+03
9.429732726914779732e+02 2.376791139504396597e+03 7.017660463969661578e+03
1.035894935846242561e+03 4.712447537252362054e+03 1.309247512530806307e+04
1.137973205803658630e+03 7.058290602262967695e+03 1.801793021284391216e+04
1.250110385054793824e+03 1.062902583756320018e+04 2.489522145174134857e+04
1.373297690008599602e+03 1.974872516601983807e+04 4.239910778206742543e+04
1.508624012670923094e+03 5.297866630437254935e+04 1.028641953640447173e+05
1.657285545709368535e+03 1.116037420860027699e+20 2.076751115297520353e+20
1.820596355983043622e+03 2.309066824488574648e+20 3.867316308836652810e+20
2.000000000000000000e+03 1.437475982536291942e+20 2.177248233203463619e+20
