2.000000000000000000e+01 6.726321551399925269e-01 5.166166043194321267e-01
2.197082283975116823e+01 7.309731262979171085e-01 5.551473728654899853e-01
2.413585281278657746e+01 8.100741249478671246e-01 6.056320811572128981e-01
2.651422731180217696e+01 8.724591940272197199e-01 6.424174858826459111e-01
2.912696955002487442e+01 9.228100194505257647e-01 6.696286015573186257e-01
3.199717439212116332e+01 9.970987377454899603e-01 7.107464504277734019e-01
3.515021249709584339e+01 1.099087477028531490e+00 7.674710995500183541e-01
3.861395457766499106e+01 1.208393550985775278e+00 8.257369266658314277e-01
4.241901775840381106e+01 1.282606156360559524e+00 8.558749782296879438e-01
4.659903621030743892e+01 1.320430632476280230e+00 8.569755737230122516e-01
5.119095845399071720e+01 1.395849066484807999e+00 8.793754679162617549e-01
5.623537395948461892e+01 1.508395351002911777e+00 9.231154708701643230e-01
6.177687192954963535e+01 1.594392522697473336e+00 9.489352427621576824e-01
6.786443543790656463e+01 1.665474088167059108e+00 9.638981426495096816e-01
7.455187440629879347e+01 1.787780292545067429e+00 1.006540079117855147e+00
8.189830124760845820e+01 1.886413345083571835e+00 1.038779379907354361e+00
8.996865337938888274e+01 1.989492898636578744e+00 1.075751076449881438e+00
9.883426722647666907e+01 2.390820731833409596e+00 1.270280575703621961e+00
1.085735087864771913e+02 3.176239820768319788e+00 1.662740180748002450e+00
1.192724663318928577e+02 4.229496261374793065e+00 2.193021717775535784e+00
1.310257113719101767e+02 5.395586643242113567e+00 2.794249122805178231e+00
1.439371346002304222e+02 6.635132760396288631e+00 3.468728785631163714e+00
1.581208642181539403e+02 8.085342569792867806e+00 4.327546308728227764e+00
1.737022747502705045e+02 1.001924743489846037e+01 5.610708541632456914e+00
1.908190952699987690e+02 1.270522081328671860e+01 7.533151290646809883e+00
2.096226268309370369e+02 1.622680859013652821e+01 1.022042792871037520e+01
2.302790798652893898e+02 2.131726661822617075e+01 1.481421241729182370e+01
2.529710433710591531e+02 2.956119829818614164e+01 2.408504202677823969e+01
2.778990988746274979e+02 4.169593213052492331e+01 3.988156952942627242e+01
3.052835934350466687e+02 5.799191645593606381e+01 6.315041977573150689e+01
3.353665873622013009e+02 8.406866727288655738e+01 1.093531608011304854e+02
3.684139938653432864e+02 1.356056358875620163e+02 2.294271005656864872e+02
4.047179295450310974e+02 2.289664330139063111e+02 4.776430949363382297e+02
4.445992965052391241e+02 3.755846275647130597e+02 8.978628180413904829e+02
4.884106189097299762e+02 6.123393102734829654e+02 1.659247697535506177e+03
5.365391590559448787e+02 1.006495115399369865e+03 3.046993672255534875e+03
5.894103405103619480e+02 1.656290443976938150e+03 5.458229739274833264e+03
6.474915085635286687e+02 2.903208158457060563e+03 1.042338945832075660e+04
7.112960612446256619e+02 5.867958258780991855e+03 2.314590460759464258e+04
7.813879874109226193e+02 1.355851963883408462e+04 5.773241776028988534e+04
8.583868520257556156e+02 3.413432672719855327e+04 1.532929280703281402e+05
9.429732726914779732e+02 8.597889990539723658e+04 4.024212123046368361e+05
1.035894935846242561e+03 2.052698806530048314e+05 9.980418053499022499e+05
1.137973205803658630e+03 3.676911939346682368e+18 1.927608853585314611e+19
1.250110385054793824e+03 1.348245465469254205e+20 7.043099266812359475e+20
1.373297690008599602e+03 1.931543259510785180e+21 1.003484673144405990e+22
1.508624012670923094e+03 1.245042265505953061e+22 6.397761937097371523e+22
1.657285545709368535e+03 4.140866249140230265e+22 2.089284109568629728e+23
1.820596355983043622e+03 8.056203797111126150e+22 3.964269315221770606e+23
2.000000000000000000e+03 1.052900329796426185e+23 5.066589038096355699e+23
