2.000000000000000000e+01 2.968413153994641732e-03 2.970885222168444164e-03
2.197082283975116823e+01 3.536155661176138172e-03 3.542650988467949038e-03
2.413585281278657746e+01 4.469591596226992446e-03 4.483430667135097220e-03
2.651422731180217696e+01 5.653524929082959921e-03 5.679454476064981286e-03
2.912696955002487442e+01 7.217816396677663102e-03 7.265176969242724200e-03
3.199717439212116332e+01 9.103874537636932884e-03 9.180468091883161458e-03
3.515021249709584339e+01 1.080071124443838897e-02 1.090312146648667740e-02
3.861395457766499106e+01 1.244138848640422880e-02 1.257225374022026554e-02
4.241901775840381106e+01 1.424007276322995959e-02 1.439973273742102718e-02
4.659903621030743892e+01 1.539161697405754675e-02 1.556042178603350354e-02
5.119095845399071720e+01 1.641761134391866994e-02 1.661428782716252439e-02
5.623537395948461892e+01 2.030405915217426555e-02 2.075856127234404838e-02
6.177687192954963535e+01 3.268509198361049112e-02 3.403268148246625657e-02
6.786443543790656463e+01 5.230657978729554014e-02 5.489383387480289284e-02
7.455187440629879347e+01 6.949080164893110811e-02 7.307224393486250191e-02
8.189830124760845820e+01 8.285069250696590337e-02 8.711697038779699087e-02
8.996865337938888274e+01 9.439711649593135467e-02 9.901378478733270649e-02
9.883426722647666907e+01 1.017100230963285667e-01 1.066658198959802434e-01
1.085735087864771913e+02 1.033532138396833083e-01 1.086771083720240727e-01
1.192724663318928577e+02 1.043009451553573719e-01 1.106600370886721280e-01
1.310257113719101767e+02 1.100173737807635249e-01 1.181485344129056259e-01
1.439371346002304222e+02 1.202247927274444489e-01 1.311750588536681195e-01
1.581208642181539403e+02 1.352467070603604604e-01 1.494082818518424338e-01
1.737022747502705045e+02 1.510592389055780138e-01 1.681174923155585588e-01
1.908190952699987690e+02 1.688337411673999366e-01 1.921384309716354100e-01
2.096226268309370369e+02 1.858667214366479525e-01 2.131125791513718282e-01
2.302790798652893898e+02 1.934732363161752733e-01 2.163442757065711652e-01
2.529710433710591531e+02 2.018394532872672675e-01 2.264936847165803235e-01
2.778990988746274979e+02 2.254612107560781953e-01 2.630025179351751508e-01
3.052835934350466687e+02 2.559511238731353999e-01 3.014635782725333391e-01
3.353665873622013009e+02 2.797615681693724210e-01 3.266445030349635070e-01
3.684139938653432864e+02 3.106891600555259370e-01 3.733569133287016339e-01
4.047179295450310974e+02 3.527768776190276512e-01 4.375556248215645705e-01
4.445992965052391241e+02 3.888841340685769143e-01 4.802777880705034197e-01
4.884106189097299762e+02 4.228428407373882036e-01 5.126164935853108062e-01
5.365391590559448787e+02 4.605390264868673422e-01 5.514961632421891968e-01
5.894103405103619480e+02 4.896275827946592885e-01 5.845012498663132439e-01
6.474915085635286687e+02 5.047231246506532765e-01 6.060583305189261027e-01
7.112960612446256619e+02 5.026992107239680596e-01 6.062715455108207419e-01
7.813879874109226193e+02 4.845198890088137644e-01 5.846890184805595414e-01
8.583868520257556156e+02 4.694801199913202217e-01 5.697177885321812463e-01
9.429732726914779732e+02 4.421854396900334883e-01 5.361133735789384014e-01
1.035894935846242561e+03 3.856406223072586514e-01 4.567033632732845905e-01
1.137973205803658630e+03 3.194067067685280592e-01 3.594629340298344244e-01
1.250110385054793824e+03 2.547221475139527236e-01 2.632382494996921007e-01
1.373297690008599602e+03 2.038814572035044237e-01 1.905881928442658413e-01
1.508624012670923094e+03 1.658496063226196082e-01 1.420159218509971510e-01
1.657285545709368535e+03 1.300141451749071420e-01 1.019708999879472555e-01
1.820596355983043622e+03 9.949826636483635744e-02 7.074392887219363435e-02
2.000000000000000000e+03 8.139327106622396002e-02 5.324268220506202243e-02
