2.000000000000000000e+01 8.502193462203458694e+03 4.144502528533016448e+04
2.197082283975116823e+01 6.734748467035627073e+03 2.892034364445773826e+04
2.413585281278657746e+01 4.980247847110000293e+03 1.549292682446062463e+04
2.651422731180217696e+01 3.885943225400614210e+03 9.787667121839711399e+03
2.912696955002487442e+01 2.940832746792566013e+03 6.900628375792727638e+03
3.199717439212116332e+01 2.602008619247279057e+03 5.938620613863789913e+03
3.515021249709584339e+01 2.321081915881481564e+03 5.305451339622581145e+03
3.861395457766499106e+01 2.084726986057306931e+03 4.846047777065699847e+03
4.241901775840381106e+01 1.850763067076928110e+03 4.387344364439409219e+03
4.659903621030743892e+01 1.643563245188309793e+03 3.977374795363029534e+03
5.119095845399071720e+01 1.443439963513007797e+03 3.553415526778589083e+03
5.623537395948461892e+01 1.253412766927153143e+03 3.113355437393414377e+03
6.177687192954963535e+01 1.078833837149648161e+03 2.679436596565773016e+03
6.786443543790656463e+01 9.239371254567747656e+02 2.274091758367647799e+03
7.455187440629879347e+01 7.817899819866084954e+02 1.882934440674744337e+03
8.189830124760845820e+01 6.620792733065917446e+02 1.548058392520029201e+03
8.996865337938888274e+01 5.624942386674005093e+02 1.267826085265329766e+03
9.883426722647666907e+01 4.774461336869821366e+02 1.027558378482330227e+03
1.085735087864771913e+02 4.104537485457291837e+02 8.419590895679560845e+02
1.192724663318928577e+02 3.560304828192745390e+02 6.956348703149379844e+02
1.310257113719101767e+02 3.107038742081461464e+02 5.773137022674205809e+02
1.439371346002304222e+02 2.762226183386255798e+02 4.912376814724664769e+02
1.581208642181539403e+02 2.480933476956891468e+02 4.240943860148237263e+02
1.737022747502705045e+02 2.254186145923537765e+02 3.739524619444437690e+02
1.908190952699987690e+02 2.100049795386565563e+02 3.439139791095508940e+02
2.096226268309370369e+02 2.008153603827848599e+02 3.296433892787897548e+02
2.302790798652893898e+02 1.976916180537496075e+02 3.296191652457310965e+02
2.529710433710591531e+02 2.016425551717830160e+02 3.458813536482583686e+02
2.778990988746274979e+02 2.116926771365011746e+02 3.772775469990892248e+02
3.052835934350466687e+02 2.288446916732054603e+02 4.276403682698817192e+02
3.353665873622013009e+02 2.557855575401072485e+02 5.063611647616100981e+02
3.684139938653432864e+02 2.943223619558926316e+02 6.214273292313818047e+02
4.047179295450310974e+02 3.497179815792770796e+02 7.926077027551333458e+02
4.445992965052391241e+02 4.324147065112752557e+02 1.058442218307113990e+03
4.884106189097299762e+02 5.518338618803237523e+02 1.458910784649284324e+03
5.365391590559448787e+02 7.324168429051713929e+02 2.098833788752951477e+03
5.894103405103619480e+02 1.019673502846045835e+03 3.185904727835858012e+03
6.474915085635286687e+02 1.479209368071085009e+03 5.035267834112873970e+03
7.112960612446256619e+02 2.365308664506856985e+03 8.854455247212028553e+03
7.813879874109226193e+02 4.276379036466973957e+03 1.761179345418141020e+04
8.583868520257556156e+02 8.886528328719361525e+03 4.010856284681255784e+04
9.429732726914779732e+02 2.196465674769840916e+04 1.077740071987435658e+05
1.035894935846242561e+03 5.348416698416099098e+04 2.798587911973042646e+05
1.137973205803658630e+03 1.013894310957387788e+05 5.544679424629868008e+05
1.250110385054793824e+03 2.002323062314337294e+05 1.145043194672452286e+06
1.373297690008599602e+03 5.090557036705181818e+05 3.041429559851444326e+06
1.508624012670923094e+03 1.967202291014380986e+06 1.209363857155350037e+07
1.657285545709368535e+03 6.356714311338248110e+21 4.244144530785254244e+22
1.820596355983043622e+03 2.181263425075991387e+22 1.475795663347289990e+23
2.000000000000000000e+03 2.484878823165382151e+22 1.695847801302686305e+23
