2.000000000000000000e+01 1.911361890368601735e+02 3.306932600210046758e+02
2.197082283975116823e+01 1.884826203861840099e+02 3.368184899372755012e+02
2.413585281278657746e+01 1.870652689714907524e+02 3.459381579975787417e+02
2.651422731180217696e+01 1.768753337140105089e+02 3.372783665156543407e+02
2.912696955002487442e+01 1.508992369698272569e+02 3.020000363334997928e+02
3.199717439212116332e+01 1.464247703092268580e+02 3.033153798224371940e+02
3.515021249709584339e+01 1.417951285049139187e+02 3.043537198189056880e+02
3.861395457766499106e+01 1.378893347063841190e+02 3.070150840145407756e+02
4.241901775840381106e+01 1.325612879460541365e+02 3.050163076048683592e+02
4.659903621030743892e+01 1.276666424581044765e+02 3.031175496847862405e+02
5.119095845399071720e+01 1.218688565903371881e+02 2.973293040031182386e+02
5.623537395948461892e+01 1.151611877879255132e+02 2.866553918955481777e+02
6.177687192954963535e+01 1.078676242491430486e+02 2.717593309935929824e+02
6.786443543790656463e+01 1.003551104786017589e+02 2.540343761676064673e+02
7.455187440629879347e+01 9.191283143382038645e+01 2.313343535035666605e+02
8.189830124760845820e+01 8.380240201970889302e+01 2.084753766938342210e+02
8.996865337938888274e+01 7.615171300491763873e+01 1.863494129369781263e+02
9.883426722647666907e+01 6.858545543252300547e+01 1.637731362756833562e+02
1.085735087864771913e+02 6.201987527783497711e+01 1.443056323619446744e+02
1.192724663318928577e+02 5.608417634532990093e+01 1.269583503501095123e+02
1.310257113719101767e+02 5.055539695779905429e+01 1.108676099050832562e+02
1.439371346002304222e+02 4.599040473881252922e+01 9.790867419689269013e+01
1.581208642181539403e+02 4.190349019978412315e+01 8.649709787594564148e+01
1.737022747502705045e+02 3.829313961514660747e+01 7.686646155220601884e+01
1.908190952699987690e+02 3.558407584754063180e+01 7.017587693069833676e+01
2.096226268309370369e+02 3.368414791697876609e+01 6.581298941571694172e+01
2.302790798652893898e+02 3.258128237840122665e+01 6.349704726185971992e+01
2.529710433710591531e+02 3.241097787458161150e+01 6.341778131297211729e+01
2.778990988746274979e+02 3.295101518129676066e+01 6.498607338606497308e+01
3.052835934350466687e+02 3.424527147964873564e+01 6.830186624221374814e+01
3.353665873622013009e+02 3.652548783448177971e+01 7.398955987044307392e+01
3.684139938653432864e+02 3.979124500900317685e+01 8.192118958897346204e+01
4.047179295450310974e+02 4.438439523607998183e+01 9.287763343184813891e+01
4.445992965052391241e+02 5.104063507192763183e+01 1.085087097663757305e+02
4.884106189097299762e+02 5.993819854560902627e+01 1.285970894849650961e+02
5.365391590559448787e+02 7.233489953966387986e+01 1.561325012595819146e+02
5.894103405103619480e+02 9.030893496502261542e+01 1.959314854664667678e+02
6.474915085635286687e+02 1.156146149194347004e+02 2.502788773392306325e+02
7.112960612446256619e+02 1.600661720911104169e+02 3.467497886290561269e+02
7.813879874109226193e+02 2.449691039200425564e+02 5.280732663522376242e+02
8.583868520257556156e+02 4.195291999366895652e+02 8.916892452184707736e+02
9.429732726914779732e+02 8.281569843832493234e+02 1.714486754189406611e+03
1.035894935846242561e+03 1.554365225591306398e+03 3.068275364749852542e+03
1.137973205803658630e+03 2.191827762943375092e+03 4.051862854092043563e+03
1.250110385054793824e+03 3.156810042316336421e+03 5.529700941592120216e+03
1.373297690008599602e+03 5.986208507533174270e+03 1.014818685025636478e+04
1.508624012670923094e+03 1.820896575389969439e+04 2.982782250974095223e+04
1.657285545709368535e+03 4.658279371744895795e+19 7.722921860397934182e+19
1.820596355983043622e+03 1.162272970312037171e+20 1.801267156655250473e+20
2.000000000000000000e+03 8.413652608874291200e+19 1.211238973648208364e+20
