2.000000000000000000e+01 2.841615399684239947e+02 6.401134947194454980e+02
2.197082283975116823e+01 2.578516413329340367e+02 6.067190558765109927e+02
2.413585281278657746e+01 2.309236441585262014e+02 5.712018381466460824e+02
2.651422731180217696e+01 2.027319270917009817e+02 5.250142997777412575e+02
2.912696955002487442e+01 1.635214548923927964e+02 4.509963218882151068e+02
3.199717439212116332e+01 1.468508230592122743e+02 4.267560951445938144e+02
3.515021249709584339e+01 1.290116860290939655e+02 3.965670107934403745e+02
3.861395457766499106e+01 1.141096247939238566e+02 3.718073808981866364e+02
4.241901775840381106e+01 1.033530731851478777e+02 3.563795126196717433e+02
4.659903621030743892e+01 9.668561098032375867e+01 3.537061720066697035e+02
5.119095845399071720e+01 8.730804749344549975e+01 3.381141672142158541e+02
5.623537395948461892e+01 7.634681962613872486e+01 3.105303734378275635e+02
6.177687192954963535e+01 6.765437162653471148e+01 2.863834313947037913e+02
6.786443543790656463e+01 6.025618242373724343e+01 2.635489839925729711e+02
7.455187440629879347e+01 5.141170412107750565e+01 2.298312390166431385e+02
8.189830124760845820e+01 4.442419909619346186e+01 2.006926405416591024e+02
8.996865337938888274e+01 3.827694638020836493e+01 1.732272614143742544e+02
9.883426722647666907e+01 2.868699209410318218e+01 1.289267421765995891e+02
1.085735087864771913e+02 1.952619410924475218e+01 8.678784216126126694e+01
1.192724663318928577e+02 1.326024965609020256e+01 5.789197130199336527e+01
1.310257113719101767e+02 9.369768349678691877e+00 3.967706708762675305e+01
1.439371346002304222e+02 6.931346575809240740e+00 2.822609671948664811e+01
1.581208642181539403e+02 5.182648705119444088e+00 1.998756147368998626e+01
1.737022747502705045e+02 3.821957673364385411e+00 1.369995625006060891e+01
1.908190952699987690e+02 2.800744384570469592e+00 9.315607004711159433e+00
2.096226268309370369e+02 2.075833194794304060e+00 6.439357517588923052e+00
2.302790798652893898e+02 1.528398690221586476e+00 4.286224975938853987e+00
2.529710433710591531e+02 1.096402708295161732e+00 2.633077461208618075e+00
2.778990988746274979e+02 7.902693020064144314e-01 1.629476325853112639e+00
3.052835934350466687e+02 5.905180165182035701e-01 1.081574223651668110e+00
3.353665873622013009e+02 4.344720693135314393e-01 6.766110767022124328e-01
3.684139938653432864e+02 2.934335637937368069e-01 3.570684953389753891e-01
4.047179295450310974e+02 1.938467340030767261e-01 1.944498610290329166e-01
4.445992965052391241e+02 1.358964966241419381e-01 1.208522143762206652e-01
4.884106189097299762e+02 9.788396325370557483e-02 7.750325022356299720e-02
5.365391590559448787e+02 7.186810788541375672e-02 5.124149179607745408e-02
5.894103405103619480e+02 5.452481797104424821e-02 3.589652594808105668e-02
6.474915085635286687e+02 3.982305388011835035e-02 2.401127563543532795e-02
7.112960612446256619e+02 2.727800114317147778e-02 1.498104284570845636e-02
7.813879874109226193e+02 1.806754059037582114e-02 9.146910641172947484e-03
8.583868520257556156e+02 1.229053683377339702e-02 5.816897468416672330e-03
9.429732726914779732e+02 9.632095610602976407e-03 4.260428381423202182e-03
1.035894935846242561e+03 7.572300527707998517e-03 3.074295433620788907e-03
1.137973205803658630e+03 5.961055905333488998e-16 2.102015067297319237e-16
1.250110385054793824e+03 2.341420848923541313e-17 7.851232436334539017e-18
1.373297690008599602e+03 3.099184280785583431e-18 1.011294653704790097e-18
1.508624012670923094e+03 1.462517880587775906e-18 4.662227635696251797e-19
1.657285545709368535e+03 1.124952870117960566e-03 3.696444071453963633e-04
1.820596355983043622e+03 1.442705521835006919e-03 4.543755767901160752e-04
2.000000000000000000e+03 7.990929787723625825e-04 2.390639865480980678e-04
