2.000000000000000000e+01 2.316275726497228334e+03 1.095670825227294881e+04
2.197082283975116823e+01 2.032932767385755142e+03 1.004403504663244166e+04
2.413585281278657746e+01 1.760450195041012648e+03 9.075383659221932248e+03
2.651422731180217696e+01 1.492884501622941571e+03 7.931676721615728638e+03
2.912696955002487442e+01 1.161643477505435612e+03 6.416551750136510236e+03
3.199717439212116332e+01 1.004525488356357528e+03 5.663501818182843635e+03
3.515021249709584339e+01 8.469492186727341050e+02 4.857455226272908476e+03
3.861395457766499106e+01 7.161318135636646502e+02 4.164043333585271284e+03
4.241901775840381106e+01 6.170917841114393241e+02 3.615926347113093470e+03
4.659903621030743892e+01 5.464131014220238285e+02 3.227076924342378334e+03
5.119095845399071720e+01 4.645429055434459542e+02 2.757811207371399178e+03
5.623537395948461892e+01 3.807677729994526317e+02 2.258202806087064346e+03
6.177687192954963535e+01 3.150988840970928777e+02 1.856287089562110623e+03
6.786443543790656463e+01 2.615993826675297669e+02 1.527471865863639550e+03
7.455187440629879347e+01 2.080443150245721711e+02 1.197977167458960366e+03
8.189830124760845820e+01 1.678080968385920642e+02 9.480197803980150866e+02
8.996865337938888274e+01 1.353958786559252587e+02 7.483995197243204984e+02
9.883426722647666907e+01 9.543972958603025347e+01 5.145834462087238990e+02
1.085735087864771913e+02 6.143139662866640549e+01 3.235260258411082646e+02
1.192724663318928577e+02 3.967680813931924888e+01 2.037094510939777763e+02
1.310257113719101767e+02 2.682849239209038927e+01 1.332163926260284086e+02
1.439371346002304222e+02 1.911106891100231664e+01 9.138200804553753187e+01
1.581208642181539403e+02 1.383746100065523343e+01 6.298450488504741429e+01
1.737022747502705045e+02 9.936759122822365953e+00 4.240336101974035898e+01
1.908190952699987690e+02 7.125897980749983596e+00 2.855089785098121169e+01
2.096226268309370369e+02 5.190975292842671784e+00 1.967960445882948051e+01
2.302790798652893898e+02 3.770702068085245440e+00 1.314079842944022047e+01
2.529710433710591531e+02 2.677999822835119392e+00 8.141326363513680775e+00
2.778990988746274979e+02 1.916612404715553941e+00 5.102354385091931732e+00
3.052835934350466687e+02 1.425511158204728179e+00 3.440210754182680741e+00
3.353665873622013009e+02 1.046254575656135444e+00 2.190781848603867488e+00
3.684139938653432864e+02 7.063353621134157434e-01 1.178349929517811479e+00
4.047179295450310974e+02 4.673607649166224842e-01 6.543219491793005327e-01
4.445992965052391241e+02 3.288440296795505091e-01 4.145961798098111162e-01
4.884106189097299762e+02 2.382964498217881311e-01 2.709435713640986343e-01
5.365391590559448787e+02 1.764868181094719490e-01 1.823988633224786493e-01
5.894103405103619480e+02 1.354932754798892358e-01 1.300374046297645969e-01
6.474915085635286687e+02 1.005339733796584839e-01 8.853656559150083205e-02
7.112960612446256619e+02 7.031627336647416904e-02 5.631491992356453535e-02
7.813879874109226193e+02 4.786061359868370307e-02 3.516677835772286098e-02
8.583868520257556156e+02 3.372571513296521162e-02 2.299409539200996180e-02
9.429732726914779732e+02 2.764388869966450876e-02 1.743859480910569734e-02
1.035894935846242561e+03 2.295732584956505784e-02 1.311816304199600949e-02
1.137973205803658630e+03 1.919624597677226853e-15 9.347295837187567509e-16
1.250110385054793824e+03 7.883598432028687399e-17 3.534696943581301071e-17
1.373297690008599602e+03 1.022432454918029125e-17 4.225187381209359400e-18
1.508624012670923094e+03 4.255170107244783704e-18 1.607815301278834731e-18
1.657285545709368535e+03 2.695178626191442346e-03 9.940012972799103230e-04
1.820596355983043622e+03 2.866197135326421092e-03 9.755432846066125225e-04
2.000000000000000000e+03 1.365253615994423521e-03 4.297266300527722281e-04
