2.000000000000000000e+01 1.186123728883851254e+04 1.947276787168137889e+04
2.197082283975116823e+01 1.033649089798056593e+04 1.832250639229463923e+04
2.413585281278657746e+01 9.042567747835439150e+03 1.728971733950951966e+04
2.651422731180217696e+01 7.517751683126996795e+03 1.536773745793348826e+04
2.912696955002487442e+01 5.630571315247394523e+03 1.245822470659138526e+04
3.199717439212116332e+01 4.791952166828891677e+03 1.123917844710972713e+04
3.515021249709584339e+01 4.067173378614239482e+03 1.004497717406558149e+04
3.861395457766499106e+01 3.463936022967096505e+03 8.926667918235458274e+03
4.241901775840381106e+01 2.917192939860161914e+03 7.735079050217124859e+03
4.659903621030743892e+01 2.462215766243878988e+03 6.634350670976457877e+03
5.119095845399071720e+01 2.062235077526348505e+03 5.562303117967718208e+03
5.623537395948461892e+01 1.713925722466163052e+03 4.551702990971411054e+03
6.177687192954963535e+01 1.416812255445825940e+03 3.649761751470141917e+03
6.786443543790656463e+01 1.169381096340812519e+03 2.890730373654737377e+03
7.455187440629879347e+01 9.567002935196227327e+02 2.246598167760832894e+03
8.189830124760845820e+01 7.856765201025841634e+02 1.749040419167542495e+03
8.996865337938888274e+01 6.491162268855661068e+02 1.372280418033187971e+03
9.883426722647666907e+01 5.368435889678169133e+02 1.078687352632093507e+03
1.085735087864771913e+02 4.505841352058572511e+02 8.669736946970266445e+02
1.192724663318928577e+02 3.822754082911845330e+02 7.088689373946231171e+02
1.310257113719101767e+02 3.267738682383595119e+02 5.856865755957036299e+02
1.439371346002304222e+02 2.847955552037084317e+02 4.976979086633377847e+02
1.581208642181539403e+02 2.510093830313315664e+02 4.295891866814538957e+02
1.737022747502705045e+02 2.239595722119740060e+02 3.786401726049675744e+02
1.908190952699987690e+02 2.049095460521463110e+02 3.477840604366953130e+02
2.096226268309370369e+02 1.924842271536788019e+02 3.325906987436163718e+02
2.302790798652893898e+02 1.860801391874884700e+02 3.315047160956983134e+02
2.529710433710591531e+02 1.862833108493448151e+02 3.464812824684364045e+02
2.778990988746274979e+02 1.917845845597272785e+02 3.761749358321243903e+02
3.052835934350466687e+02 2.030424842822926621e+02 4.240558601754823371e+02
3.353665873622013009e+02 2.219154280722478063e+02 4.987900038673661243e+02
3.684139938653432864e+02 2.491734643734478709e+02 6.070765851687053782e+02
4.047179295450310974e+02 2.882004072532214423e+02 7.661098291294479168e+02
4.445992965052391241e+02 3.458667455120048544e+02 1.008979414637181549e+03
4.884106189097299762e+02 4.268924122030513217e+02 1.365556606982855783e+03
5.365391590559448787e+02 5.457762298461040018e+02 1.917829221038261494e+03
5.894103405103619480e+02 7.284938773439570241e+02 2.819951893085714801e+03
6.474915085635286687e+02 1.007707429291304379e+03 4.273769916497448321e+03
7.112960612446256619e+02 1.526924715494816382e+03 7.112686062887347362e+03
7.813879874109226193e+02 2.597052756098316877e+03 1.316742985798347763e+04
8.583868520257556156e+02 5.035171959541536125e+03 2.734086084997609578e+04
9.429732726914779732e+02 1.150118574851017729e+04 6.534421598957418610e+04
1.035894935846242561e+03 2.559549491209816551e+04 1.466554856787472381e+05
1.137973205803658630e+03 4.378619627274121740e+04 2.433192466635765741e+05
1.250110385054793824e+03 7.689052738146514457e+04 4.069164752294707578e+05
1.373297690008599602e+03 1.708506783780088881e+05 8.458168186595997540e+05
1.508624012670923094e+03 5.655479405387974111e+05 2.543655884788299445e+06
1.657285545709368535e+03 1.528579909824865632e+21 6.525609353063912440e+21
1.820596355983043622e+03 4.264488547913504391e+21 1.602361085758364084e+22
2.000000000000000000e+03 3.816772880022965846e+21 1.253669816128437328e+22
