2.000000000000000000e+01 3.952655149051164329e+01 4.897413484627770686e+01
2.197082283975116823e+01 3.957913732491414294e+01 4.968516478866402508e+01
2.413585281278657746e+01 3.977304369157366182e+01 5.075558405374749782e+01
2.651422731180217696e+01 3.812438417655981482e+01 4.920858930279897692e+01
2.912696955002487442e+01 3.304297409927873730e+01 4.392645158988995036e+01
3.199717439212116332e+01 3.265013562088115862e+01 4.404211098881683029e+01
3.515021249709584339e+01 3.212530378699035793e+01 4.410355424355735465e+01
3.861395457766499106e+01 3.182660494813883645e+01 4.456197925270862470e+01
4.241901775840381106e+01 3.117697223407393992e+01 4.442025945589746527e+01
4.659903621030743892e+01 3.067244724699957459e+01 4.454801254615092887e+01
5.119095845399071720e+01 2.994222024214711553e+01 4.429154532680540513e+01
5.623537395948461892e+01 2.902056033853872918e+01 4.364825870708851596e+01
6.177687192954963535e+01 2.795680838992230832e+01 4.266484930855565949e+01
6.786443543790656463e+01 2.688468453983074724e+01 4.159221940316832189e+01
7.455187440629879347e+01 2.559920656871230449e+01 3.997591457292058692e+01
8.189830124760845820e+01 2.437348898169142331e+01 3.837521467910754325e+01
8.996865337938888274e+01 2.323914071166979767e+01 3.683642841814748436e+01
9.883426722647666907e+01 2.202716128799330875e+01 3.491691328630154345e+01
1.085735087864771913e+02 2.102341905988415505e+01 3.328875768153742598e+01
1.192724663318928577e+02 2.009184365442784781e+01 3.169798423495834783e+01
1.310257113719101767e+02 1.913398946971407355e+01 2.989747153871786267e+01
1.439371346002304222e+02 1.835113891063260994e+01 2.834650798065379718e+01
1.581208642181539403e+02 1.751992708352155148e+01 2.657847284119405629e+01
1.737022747502705045e+02 1.664953940235823993e+01 2.474121774577209720e+01
1.908190952699987690e+02 1.594471343734501545e+01 2.333293082117256034e+01
2.096226268309370369e+02 1.538773929036081967e+01 2.226188028773609773e+01
2.302790798652893898e+02 1.500042368553949501e+01 2.150734228679769444e+01
2.529710433710591531e+02 1.487488128470647553e+01 2.118872171783943514e+01
2.778990988746274979e+02 1.488955618282658477e+01 2.105985707916608263e+01
3.052835934350466687e+02 1.501223930784106031e+01 2.104410274442225415e+01
3.353665873622013009e+02 1.526946542086184877e+01 2.119931217293967762e+01
3.684139938653432864e+02 1.555176777986831027e+01 2.130811401385939163e+01
4.047179295450310974e+02 1.582261757342031672e+01 2.128923607684692598e+01
4.445992965052391241e+02 1.615325205681761389e+01 2.129822181623456601e+01
4.884106189097299762e+02 1.624043331330598505e+01 2.077749651541199682e+01
5.365391590559448787e+02 1.617730228615401344e+01 2.006479817207313587e+01
5.894103405103619480e+02 1.594176722479191710e+01 1.919072432182280608e+01
6.474915085635286687e+02 1.530833238461685220e+01 1.784005640391968228e+01
7.112960612446256619e+02 1.503330961847460046e+01 1.714968511016528296e+01
7.813879874109226193e+02 1.509879896201290350e+01 1.685163196827073762e+01
8.583868520257556156e+02 1.544072809955717318e+01 1.690056084533414094e+01
9.429732726914779732e+02 1.659321152476721650e+01 1.783076593375425745e+01
1.035894935846242561e+03 1.466673111789664574e+01 1.530328091597367290e+01
1.137973205803658630e+03 8.193932506446845565e+00 8.224058852491449301e+00
1.250110385054793824e+03 4.199302318028145464e+00 4.133960701171605301e+00
1.373297690008599602e+03 2.757937986835933053e+00 2.754611148922871067e+00
1.508624012670923094e+03 1.679358356021958265e+00 1.679655159925034003e+00
1.657285545709368535e+03 1.594937478845128043e+00 1.594937478845128043e+00
1.820596355983043622e+03 4.914832009637969179e+00 4.914832009637968291e+00
2.000000000000000000e+03 4.901360860384610163e+00 4.901360860384611051e+00
