2.000000000000000000e+01 3.413147979171783586e+00 4.443901070633225814e+00
2.197082283975116823e+01 3.119586636203296681e+00 4.101467677960710212e+00
2.413585281278657746e+01 2.869816655907545311e+00 3.844742471555043561e+00
2.651422731180217696e+01 2.541785266147190470e+00 3.442724176001159098e+00
2.912696955002487442e+01 2.131083978495515563e+00 2.972029703564465830e+00
3.199717439212116332e+01 1.964484010611380560e+00 2.787121472755941021e+00
3.515021249709584339e+01 1.772809762090716390e+00 2.569711913253460267e+00
3.861395457766499106e+01 1.629163622799541633e+00 2.418526010500047452e+00
4.241901775840381106e+01 1.520497734278526636e+00 2.312887822397389215e+00
4.659903621030743892e+01 1.475529211051750167e+00 2.309220453612440327e+00
5.119095845399071720e+01 1.395759839799629809e+00 2.254028384050127620e+00
5.623537395948461892e+01 1.283294172340496697e+00 2.133989495783104040e+00
6.177687192954963535e+01 1.207310746386957234e+00 2.065500060729163589e+00
6.786443543790656463e+01 1.157228716163773985e+00 2.040622081060830872e+00
7.455187440629879347e+01 1.075550712018928490e+00 1.951699855218172575e+00
8.189830124760845820e+01 1.018808353282759871e+00 1.892466428539730794e+00
8.996865337938888274e+01 9.682092716903182295e-01 1.835244693725078147e+00
9.883426722647666907e+01 8.035848460962288220e-01 1.552376036305954443e+00
1.085735087864771913e+02 6.056512088787868731e-01 1.189893159787836163e+00
1.192724663318928577e+02 4.558032862443570643e-01 9.057915213784211161e-01
1.310257113719101767e+02 3.578111645002310937e-01 7.124754580980708907e-01
1.439371346002304222e+02 2.930855313220170899e-01 5.792316584486780773e-01
1.581208642181539403e+02 2.422786581247413640e-01 4.685288528508336214e-01
1.737022747502705045e+02 1.965594575793612186e-01 3.631331926330700344e-01
1.908190952699987690e+02 1.562129899218736018e-01 2.726739932133308564e-01
2.096226268309370369e+02 1.229538148204132597e-01 2.019152032077601577e-01
2.302790798652893898e+02 9.390349868753233853e-02 1.396005159840176257e-01
2.529710433710591531e+02 6.826342931555785809e-02 8.652128320616529755e-02
2.778990988746274979e+02 4.868043477502309591e-02 5.247755094917203739e-02
3.052835934350466687e+02 3.513634880101604296e-02 3.319788024400950610e-02
3.353665873622013009e+02 2.435227146820227034e-02 1.924400397812774111e-02
3.684139938653432864e+02 1.510016746956579885e-02 9.156205602822844319e-03
4.047179295450310974e+02 8.934029122370750267e-03 4.385884204305542586e-03
4.445992965052391241e+02 5.478567048831498032e-03 2.346221044314232302e-03
4.884106189097299762e+02 3.380918393557513953e-03 1.274376159916270138e-03
5.365391590559448787e+02 2.072934422581389820e-03 6.979383720361195202e-04
5.894103405103619480e+02 1.270622470683684200e-03 3.927775789521920926e-04
6.474915085635286687e+02 7.203769412157382717e-04 2.037745583853706470e-04
7.112960612446256619e+02 3.562847708374351752e-04 9.167963499274112886e-05
7.813879874109226193e+02 1.577871744737145547e-04 3.767845252201533691e-05
8.583868520257556156e+02 6.108510761036689497e-05 1.373678483893739588e-05
9.429732726914779732e+02 2.522503257789089889e-05 5.449048973591992524e-06
1.035894935846242561e+03 1.048031577413878560e-05 2.166979374345497643e-06
1.137973205803658630e+03 6.044705559357598167e-19 1.154643596822622137e-19
1.250110385054793824e+03 1.790272030849635744e-20 3.438012802058412997e-21
1.373297690008599602e+03 1.274281620584650438e-21 2.451471625199989494e-22
1.508624012670923094e+03 1.905589677552343721e-22 3.709045486429441803e-23
1.657285545709368535e+03 1.159744278442830670e-10 2.433889682510095057e-11
1.820596355983043622e+03 2.064177534596439867e-23 4.194829757976982352e-24
2.000000000000000000e+03 1.575064088505388194e-23 3.273179422621827609e-24
