2.000000000000000000e+01 2.968068272577262332e-03 2.970539047925362802e-03
2.197082283975116823e+01 3.535667330547891292e-03 3.542159605634912466e-03
2.413585281278657746e+01 4.468832177052705669e-03 4.482664432020522574e-03
2.651422731180217696e+01 5.652340747754992095e-03 5.678255998445026417e-03
2.912696955002487442e+01 7.215941885825996778e-03 7.263273154551683729e-03
3.199717439212116332e+01 9.101041536526096806e-03 9.177583113160947201e-03
3.515021249709584339e+01 1.079694615060574139e-02 1.089928236573299569e-02
3.861395457766499106e+01 1.243674513373901891e-02 1.256751481457146422e-02
4.241901775840381106e+01 1.423462834484572233e-02 1.439417623250780105e-02
4.659903621030743892e+01 1.538588659832869181e-02 1.555457824768076078e-02
5.119095845399071720e+01 1.641141467088530828e-02 1.660793929843991032e-02
5.623537395948461892e+01 2.029372741095096522e-02 2.074766784344914475e-02
6.177687192954963535e+01 3.265860036181817555e-02 3.400402573182573912e-02
6.786443543790656463e+01 5.225049524440072285e-02 5.483271127981139553e-02
7.455187440629879347e+01 6.940211619527537901e-02 7.297499903759292750e-02
8.189830124760845820e+01 8.272964272883281955e-02 8.698357356244162952e-02
8.996865337938888274e+01 9.424207465106178294e-02 9.884227053282830522e-02
9.883426722647666907e+01 1.015207296300796314e-01 1.064550105034070826e-01
1.085735087864771913e+02 1.031339837856632136e-01 1.084303594450734126e-01
1.192724663318928577e+02 1.040417914978999936e-01 1.103621595298612118e-01
1.310257113719101767e+02 1.096975824057915133e-01 1.177709782811020706e-01
1.439371346002304222e+02 1.198139961288474525e-01 1.306715198095371455e-01
1.581208642181539403e+02 1.347053908001763500e-01 1.487281709579496292e-01
1.737022747502705045e+02 1.503573584539207864e-01 1.672090862622976903e-01
1.908190952699987690e+02 1.678722266858027057e-01 1.908234040540365550e-01
2.096226268309370369e+02 1.845803707106516423e-01 2.113120057582703604e-01
2.302790798652893898e+02 1.917577645663170738e-01 2.138395545362388461e-01
2.529710433710591531e+02 1.985411313510481168e-01 2.213363996099009801e-01
2.778990988746274979e+02 2.183875400556892776e-01 2.525527723488997234e-01
3.052835934350466687e+02 2.461887624320720502e-01 2.884712450149144458e-01
3.353665873622013009e+02 2.675790656330802042e-01 3.070637791602303102e-01
3.684139938653432864e+02 2.813905889986089703e-01 3.148113380811374262e-01
4.047179295450310974e+02 2.888749329712350655e-01 3.151348634079879640e-01
4.445992965052391241e+02 2.878054405863235132e-01 3.035166940327742036e-01
4.884106189097299762e+02 2.789357328944100378e-01 2.814233116697626436e-01
5.365391590559448787e+02 2.603927124382409697e-01 2.479232502733995647e-01
5.894103405103619480e+02 2.337832759224438006e-01 2.081687202988727337e-01
6.474915085635286687e+02 2.044798498979649437e-01 1.699972657131269549e-01
7.112960612446256619e+02 1.761471291835010056e-01 1.367111859020793962e-01
7.813879874109226193e+02 1.491231931034215086e-01 1.076291135634205171e-01
8.583868520257556156e+02 1.233862230243971542e-01 8.232111369547023827e-02
9.429732726914779732e+02 9.975314566075890732e-02 6.129967274747180617e-02
1.035894935846242561e+03 7.802720573742229215e-02 4.397963783768413931e-02
1.137973205803658630e+03 5.909189170222214904e-02 3.039034008438574672e-02
1.250110385054793824e+03 4.332929140930859291e-02 2.027498223356009183e-02
1.373297690008599602e+03 3.043089253239703723e-02 1.299143494003517432e-02
1.508624012670923094e+03 2.023097465132803890e-02 7.949574026212264180e-03
1.657285545709368535e+03 1.236091122417651463e-02 4.485647643835120359e-03
1.820596355983043622e+03 7.066858357366428631e-03 2.358195249872894941e-03
2.000000000000000000e+03 4.401010786089353671e-03 1.358440929758878866e-03
