2.000000000000000000e+01 1.000000000000000000e+00
2.197082283975116823e+01 1.000000000000000000e+00
2.413585281278657746e+01 1.000000000000000000e+00
2.651422731180217696e+01 1.000000000000000000e+00
2.912696955002487442e+01 1.000000000000000000e+00
3.199717439212116332e+01 1.000000000000000000e+00
3.515021249709584339e+01 1.000000000000000000e+00
3.861395457766499106e+01 1.000000000000000000e+00
4.241901775840381106e+01 1.000000000000000000e+00
4.659903621030743892e+01 1.000000000000000000e+00
5.119095845399071720e+01 1.000000000000000000e+00
5.623537395948461892e+01 1.000000000000000000e+00
6.177687192954963535e+01 1.000000000000000000e+00
6.786443543790656463e+01 1.000000000000000000e+00
7.455187440629879347e+01 1.000000000000000000e+00
8.189830124760845820e+01 1.000000000000000000e+00
8.996865337938888274e+01 1.000000000000000000e+00
9.883426722647666907e+01 1.000000000000000000e+00
1.085735087864771913e+02 1.000000000000000000e+00
1.192724663318928577e+02 1.000000000000000000e+00
1.310257113719101767e+02 1.000000000000000000e+00
1.439371346002304222e+02 1.000000000000000000e+00
1.581208642181539403e+02 1.000000000000000000e+00
1.737022747502705045e+02 1.000000000000000000e+00
1.908190952699987690e+02 1.000000000000000000e+00
2.096226268309370369e+02 1.000000000000000000e+00
2.302790798652893898e+02 1.000000000000000000e+00
2.529710433710591531e+02 1.000000000000000000e+00
2.778990988746274979e+02 1.000000000000000000e+00
3.052835934350466687e+02 1.000000000000000000e+00
3.353665873622013009e+02 1.000000000000000000e+00
3.684139938653432864e+02 1.000000000000000000e+00
4.047179295450310974e+02 1.000000000000000000e+00
4.445992965052391241e+02 1.000000000000000000e+00
4.884106189097299762e+02 1.000000000000000000e+00
5.365391590559448787e+02 1.000000000000000000e+00
5.894103405103619480e+02 1.000000000000000000e+00
6.474915085635286687e+02 1.000000000000000000e+00
7.112960612446256619e+02 1.000000000000000000e+00
7.813879874109226193e+02 1.000000000000000000e+00
8.583868520257556156e+02 1.000000000000000000e+00
9.429732726914779732e+02 1.000000000000000000e+00
1.035894935846242561e+03 1.000000000000000000e+00
1.137973205803658630e+03 1.000000000000000000e+00
1.250110385054793824e+03 1.000000000000000000e+00
1.373297690008599602e+03 1.000000000000000000e+00
1.508624012670923094e+03 1.000000000000000000e+00
1.657285545709368535e+03 1.000000000000000000e+00
1.820596355983043622e+03 1.000000000000000000e+00
2.000000000000000000e+03 1.000000000000000000e+00
