2.000000000000000000e+01 5.876399334831847909e+01 9.479783351290861049e+01
2.197082283975116823e+01 5.414581726877764822e+01 8.949905415602596293e+01
2.413585281278657746e+01 4.909803000328307121e+01 8.380597004829425600e+01
2.651422731180217696e+01 4.369761295147790747e+01 7.659908141383964164e+01
2.912696955002487442e+01 3.580690868414466621e+01 6.559823085174767243e+01
3.199717439212116332e+01 3.274513785335382465e+01 6.196599499344586803e+01
3.515021249709584339e+01 2.922906907632467721e+01 5.746607822681014710e+01
3.861395457766499106e+01 2.633794670798726045e+01 5.396631519513292830e+01
4.241901775840381106e+01 2.430751800111400129e+01 5.190040670166264647e+01
4.659903621030743892e+01 2.322912426643553019e+01 5.198282647966059500e+01
5.119095845399071720e+01 2.145090107596744033e+01 5.036704677668248564e+01
5.623537395948461892e+01 1.923935944196814773e+01 4.728363902940981234e+01
6.177687192954963535e+01 1.753445778999488525e+01 4.496075958183084254e+01
6.786443543790656463e+01 1.614236134374131382e+01 4.315001509271709779e+01
7.455187440629879347e+01 1.431898912604608221e+01 3.971616769394418611e+01
8.189830124760845820e+01 1.292054524805730154e+01 3.694260342608082226e+01
8.996865337938888274e+01 1.168093674905592039e+01 3.424252062076711667e+01
9.883426722647666907e+01 9.213221633351698969e+00 2.748755979911028291e+01
1.085735087864771913e+02 6.618964639388808635e+00 2.002042054854421238e+01
1.192724663318928577e+02 4.750410548394010668e+00 1.445402203636670002e+01
1.310257113719101767e+02 3.546229675262297931e+00 1.069964424242297163e+01
1.439371346002304222e+02 2.765753086383846870e+00 8.172016243551862402e+00
1.581208642181539403e+02 2.166875049794010355e+00 6.141695765932749573e+00
1.737022747502705045e+02 1.661755487180158086e+00 4.409642304922427591e+00
1.908190952699987690e+02 1.254973342979646356e+00 3.097366549659346102e+00
2.096226268309370369e+02 9.482911692021968042e-01 2.178174969093014113e+00
2.302790798652893898e+02 7.036748169539802644e-01 1.451804637396271191e+00
2.529710433710591531e+02 5.031893881520760337e-01 8.797460969460374480e-01
2.778990988746274979e+02 3.570985326869855481e-01 5.280598865003858222e-01
3.052835934350466687e+02 2.588677909833829172e-01 3.332377333223908722e-01
3.353665873622013009e+02 1.816308729065161109e-01 1.938609914668376066e-01
3.684139938653432864e+02 1.146837863933850427e-01 9.287531403797145979e-02
4.047179295450310974e+02 6.910452927595429895e-02 4.457143064045429592e-02
4.445992965052391241e+02 4.300828860210583610e-02 2.372101994678293968e-02
4.884106189097299762e+02 2.652195121370320638e-02 1.252223917277268429e-02
5.365391590559448787e+02 1.607290690102850667e-02 6.585113173937175504e-03
5.894103405103619480e+02 9.624982914538803003e-03 3.515924619979890909e-03
6.474915085635286687e+02 5.272902096263266773e-03 1.711540806880085209e-03
7.112960612446256619e+02 2.561931928533795789e-03 7.409382091956830335e-04
7.813879874109226193e+02 1.113602322687734817e-03 2.918920187656129004e-04
8.583868520257556156e+02 4.523519160919572089e-04 1.102501012804743059e-04
9.429732726914779732e+02 1.929916705496902325e-04 4.430871283260334558e-05
1.035894935846242561e+03 7.145096529134630132e-05 1.533330651475918200e-05
1.137973205803658630e+03 2.228482118041356062e-18 4.266456255995536209e-19
1.250110385054793824e+03 3.114642270698523351e-20 5.869519290536134956e-21
1.373297690008599602e+03 1.427841687343028685e-21 2.745045562371504251e-22
1.508624012670923094e+03 1.348836423106897808e-22 2.625379275501901688e-23
1.657285545709368535e+03 3.851700061976852081e-23 7.633894650998095769e-24
1.820596355983043622e+03 6.100679840547701145e-23 1.239782572482218173e-23
2.000000000000000000e+03 4.655104307292094566e-23 9.673886757995621770e-24
