2.000000000000000000e+01 2.966854326901197190e-03 2.969318914417062773e-03
2.197082283975116823e+01 3.533872699164703098e-03 3.540351705058186055e-03
2.413585281278657746e+01 4.465961978657704418e-03 4.479766309893023178e-03
2.651422731180217696e+01 5.647823269053786795e-03 5.673682093712757377e-03
2.912696955002487442e+01 7.208778940844345028e-03 7.255996730622205765e-03
3.199717439212116332e+01 9.090220957745623678e-03 9.166562700216557974e-03
3.515021249709584339e+01 1.078256420906994160e-02 1.088461657764943323e-02
3.861395457766499106e+01 1.241899758978207320e-02 1.254940124392001956e-02
4.241901775840381106e+01 1.421382973943792136e-02 1.437294914659869964e-02
4.659903621030743892e+01 1.536399552628199376e-02 1.553225496726847246e-02
5.119095845399071720e+01 1.638759094305360098e-02 1.658352086487215396e-02
5.623537395948461892e+01 2.025284574427742290e-02 2.070447218877342205e-02
6.177687192954963535e+01 3.255058722662722281e-02 3.388693850832300014e-02
6.786443543790656463e+01 5.201856212642634592e-02 5.457948202333662985e-02
7.455187440629879347e+01 6.903143547469711705e-02 7.256786642605132787e-02
8.189830124760845820e+01 8.221785638025200238e-02 8.641877716038735835e-02
8.996865337938888274e+01 9.357977344749680848e-02 9.810864447170286606e-02
9.883426722647666907e+01 1.007033510741560389e-01 1.055435436731928245e-01
1.085735087864771913e+02 1.021768921036055044e-01 1.073518430738284596e-01
1.192724663318928577e+02 1.028988549996292801e-01 1.090472395341429285e-01
1.310257113719101767e+02 1.082745961623019365e-01 1.160897191692947389e-01
1.439371346002304222e+02 1.179656297620397115e-01 1.284040231309393210e-01
1.581208642181539403e+02 1.322362561324445240e-01 1.456233090543803677e-01
1.737022747502705045e+02 1.470987234243046615e-01 1.629819735636271194e-01
1.908190952699987690e+02 1.632931939584616465e-01 1.845418947140059773e-01
2.096226268309370369e+02 1.782891474589832215e-01 2.026051695945378650e-01
2.302790798652893898e+02 1.843278312507843075e-01 2.040559761180832099e-01
2.529710433710591531e+02 1.907204100770403532e-01 2.106136600320302199e-01
2.778990988746274979e+02 2.072526098427389940e-01 2.331331001004833536e-01
3.052835934350466687e+02 2.244497218486996848e-01 2.469000954580931051e-01
3.353665873622013009e+02 2.273139974779661010e-01 2.319772578770016580e-01
3.684139938653432864e+02 2.146354432435942095e-01 1.990305243634601928e-01
4.047179295450310974e+02 1.939248810415343804e-01 1.646295311114389925e-01
4.445992965052391241e+02 1.730961528681789485e-01 1.365572155175486246e-01
4.884106189097299762e+02 1.557181904094251945e-01 1.153297555907599609e-01
5.365391590559448787e+02 1.380272995763790755e-01 9.554378609405113354e-02
5.894103405103619480e+02 1.178497426803100379e-01 7.555681121364819786e-02
6.474915085635286687e+02 9.825669696028413447e-02 5.824363545508252221e-02
7.112960612446256619e+02 8.106051913006744047e-02 4.455326993781426326e-02
7.813879874109226193e+02 6.569815661885104741e-02 3.348888886886747934e-02
8.583868520257556156e+02 5.180204632506889978e-02 2.446608066082854929e-02
9.429732726914779732e+02 3.967178999989648402e-02 1.738793944144269993e-02
1.035894935846242561e+03 2.922851885752487597e-02 1.189433187702778824e-02
1.137973205803658630e+03 2.084377216224625809e-02 7.877429470009519180e-03
1.250110385054793824e+03 1.460833490813359323e-02 5.155355295864575381e-03
1.373297690008599602e+03 1.021580994435495292e-02 3.414109493708060352e-03
1.508624012670923094e+03 7.210927633595955871e-03 2.322804927178834505e-03
1.657285545709368535e+03 4.970797106827113017e-03 1.548197731103945467e-03
1.820596355983043622e+03 3.301141359345290561e-03 9.844434424755078329e-04
2.000000000000000000e+03 2.340249648635413151e-03 6.675297733546529250e-04
