5.011872336272722439e-01 9.698996655518394050e+01 2.021181818181818191e+00 1.011090909090909040e+00 1.625959595959595994e-01 4.138383838383838387e-02
7.659678234751836623e-01 9.933110367892976456e+01 4.041363636363636935e+00 1.011090909090909040e+00 2.433939393939393847e-01 6.157575757575757536e-02
1.170633781617106850e+00 1.000000000000000000e+02 8.081727272727272648e+00 1.011090909090909040e+00 3.241919191919191978e-01 8.176767676767676685e-02
1.789087489923219199e+00 9.264214046822742432e+01 2.424318181818182083e+01 2.021181818181818191e+00 4.857878787878787685e-01 1.019595959595959583e-01
2.734274456165233680e+00 9.498327759197324838e+01 7.676790909090910020e+01 4.041363636363636935e+00 7.281818181818181523e-01 1.423434343434343274e-01
4.178810060294220641e+00 3.344481605351170561e-01 1.000000000000000000e+02 7.071636363636364386e+00 1.132171717171717162e+00 2.231111111111110934e-01
6.386503549649853007e+00 3.344481605351170561e-01 9.797981818181818880e+01 1.717254545454545678e+01 1.778555555555555445e+00 3.240707070707070647e-01
9.760536373079000683e+00 3.344481605351170561e-01 7.878809090909092561e+01 3.636427272727272708e+01 2.909727272727272496e+00 4.654141414141413913e-01
1.491709345333743642e+01 3.344481605351170561e-01 6.060645454545454669e+01 6.868718181818182700e+01 5.172070707070707485e+00 6.673333333333333339e-01
2.279789435643564843e+01 3.344481605351170561e-01 4.545509090909090588e+01 5.858627272727272839e+01 7.272818181818181849e+00 9.500202020202019870e-01
3.484217543538396455e+01 3.344481605351170561e-01 3.232390909090909048e+01 4.545509090909090588e+01 7.434414141414142030e+00 1.434626262626262472e+00
5.324953129837528820e+01 3.344481605351170561e-01 2.222300000000000253e+01 3.434409090909090878e+01 6.626434343434343788e+00 1.939424242424242273e+00
8.138161719423077045e+01 6.688963210702341122e-01 1.616245454545454763e+01 2.626336363636363913e+01 5.414464646464646869e+00 2.000000000000000000e+00
1.243760734726015755e+02 1.337792642140468224e+00 1.111200000000000010e+01 1.919272727272727508e+01 4.121696969696969859e+00 1.939424242424242273e+00
1.900847904698388788e+02 2.675585284280936449e+00 7.071636363636364386e+00 1.414227272727272755e+01 2.990525252525252586e+00 1.636545454545454303e+00
2.905078650510861280e+02 5.685618729096989732e+00 5.051454545454546086e+00 1.111200000000000010e+01 2.020949494949495051e+00 1.232707070707070640e+00
4.439851260478999393e+02 2.541806020066889715e+01 3.031272727272727341e+00 8.081727272727272648e+00 1.293767676767676678e+00 8.086767676767676605e-01
6.785454573393575401e+02 1.000000000000000000e+02 2.021181818181818191e+00 6.061545454545455236e+00 7.281818181818181523e-01 5.259898989898990074e-01
1.037025590866763650e+03 1.000000000000000000e+02 1.011090909090909040e+00 4.041363636363636935e+00 3.241919191919191978e-01 2.634949494949495041e-01
1.584893192461114040e+03 1.000000000000000000e+02 1.011090909090909040e+00 3.031272727272727341e+00 8.179797979797980012e-02 6.157575757575757536e-02
