1.571575629266442897e+00 2.726081791771808871e-01
1.602519844063575061e+00 2.771638566380760227e-01
1.634004494630486137e+00 2.817898522675171269e-01
1.666037167178166412e+00 2.864870834160198609e-01
1.698624366631038107e+00 2.912573490417622590e-01
1.731773196433705309e+00 2.961020051813350040e-01
1.765491858356492028e+00 3.010216302095090612e-01
1.799792015462452266e+00 3.060143698447964633e-01
1.834671390874838659e+00 3.110885586928089919e-01
1.870149981910129711e+00 3.162364670341296091e-01
1.906226375079918656e+00 3.214657825784758560e-01
1.942914656323345923e+00 3.267732663357802436e-01
1.980213138257570282e+00 3.321665943084020078e-01
2.018142295839246092e+00 3.376384143147235783e-01
2.056712359533520385e+00 3.431886052800255382e-01
2.095925836148546217e+00 3.488221390818471712e-01
2.135806002358219047e+00 3.545306426936778443e-01
2.176348562373646267e+00 3.603235734675199753e-01
2.217573275787996678e+00 3.661951456553943496e-01
2.259488694788200469e+00 3.721468232272613363e-01
2.302096735481968359e+00 3.781840780695688853e-01
2.345412875462840940e+00 3.843041867772831188e-01
2.389440089288310531e+00 3.905119692949483579e-01
2.434193144119404018e+00 3.968053269016400542e-01
2.479685049732579749e+00 4.031833861573843047e-01
2.525909671685176772e+00 4.096561222178258799e-01
2.572889116891503569e+00 4.162175365460911158e-01
2.620637552109167157e+00 4.228663803355445783e-01
2.669142508559918081e+00 4.296158550145360300e-01
2.718434833463135636e+00 4.364556817641573327e-01
2.768526701325189521e+00 4.433859768202129681e-01
2.819397609428464957e+00 4.504237782861713058e-01
2.871088385380301311e+00 4.575542090946969065e-01
2.923604170843213890e+00 4.647811603019892379e-01
2.976937605954043775e+00 4.721146208745736761e-01
3.031119169909419764e+00 4.795457106932914937e-01
3.086151037143268105e+00 4.870797570270771204e-01
3.142030073665256662e+00 4.947244587095895874e-01
3.198767959208557166e+00 5.024802830659416131e-01
3.256387366895165947e+00 5.103426886296557052e-01
3.314882866531213335e+00 5.183203465881470740e-01
3.374275335763944561e+00 5.264097149844202406e-01
3.434557737026993962e+00 5.346200128512684779e-01
3.495753202972342155e+00 5.429468099164496131e-01
3.557882492907233907e+00 5.513870387613941659e-01
3.620942970998048516e+00 5.599479741598820670e-01
3.684959522246598951e+00 5.686249471459454696e-01
3.749939178410752305e+00 5.774211357991735349e-01
3.815899221112798223e+00 5.863354266012593685e-01
3.882846809019743883e+00 5.953710355693095924e-01
3.950800929579805221e+00 6.045263455292457788e-01
4.019767069084479338e+00 6.138053531417916320e-01
4.089758252605220079e+00 6.232090014703340897e-01
4.160782722453544302e+00 6.327401880140509638e-01
4.232869941126218727e+00 6.423935674324691147e-01
4.305990864347352343e+00 6.521866018220332517e-01
4.380185764651709057e+00 6.621098022017745111e-01
4.455449973186707879e+00 6.721710818069636106e-01
4.531804982043500019e+00 6.823684209486565733e-01
4.609253260143945319e+00 6.927069948285566880e-01
4.687822756322848505e+00 7.031826232609025285e-01
4.767494609849575404e+00 7.138082528665771198e-01
4.848321390762897032e+00 7.245710028302899675e-01
4.930304391612216008e+00 7.354767016194854179e-01
5.013437655762761125e+00 7.465335881880331703e-01
5.097755748358773431e+00 7.577357178291298512e-01
5.183277890011006583e+00 7.690827498270059737e-01
5.269984408564724276e+00 7.805876248827898767e-01
5.357917356083301108e+00 7.922422480824861113e-01
5.447081244058327165e+00 8.040514052019708258e-01
5.537478415402544485e+00 8.160205341683358649e-01
5.629130467505491175e+00 8.281487373914406813e-01
5.722034981817927246e+00 8.404430057013951849e-01
5.816221046456853117e+00 8.529001561557817412e-01
5.911702664324701928e+00 8.655220170381123790e-01
6.008488582073693074e+00 8.783121226519892133e-01
6.106597250489930850e+00 8.912710026509527150e-01
6.206027637332550029e+00 9.044052784402114575e-01
6.306810546916087112e+00 9.177117829929664072e-01
6.408947321057310909e+00 9.311964753685786356e-01
6.512455626292359412e+00 9.448603610864176883e-01
6.617350572195795699e+00 9.587053022525633406e-01
6.723629764165353073e+00 9.727383674689712434e-01
6.831305411531138461e+00 9.869622691052073460e-01
6.940442699861590903e+00 1.001364487588723762e+00
7.050993430848329524e+00 1.015965485282920078e+00
7.163003566288248081e+00 1.030758478812343615e+00
7.276457292507309660e+00 1.045754418900489480e+00
7.391402773114688962e+00 1.060946196642802875e+00
7.507826561303791557e+00 1.076344115506948418e+00
7.625752871980112424e+00 1.091947956309297529e+00
7.745190627580373466e+00 1.107761811625604276e+00
7.866154079048617298e+00 1.123788349703174205e+00
7.988658624351923976e+00 1.140029992715794638e+00
8.112697860120576365e+00 1.156495028504464839e+00
8.238313225579691590e+00 1.173179017661935220e+00
8.365491163116269391e+00 1.190092200642824727e+00
8.494235916298411126e+00 1.207240034309794208e+00
8.624601961509204884e+00 1.224615007336418149e+00
8.756556874424463288e+00 1.242232229753532202e+00
8.890127305802797864e+00 1.260091508614501254e+00
9.025336115612724086e+00 1.278193766218689520e+00
9.162165472334741878e+00 1.296550251576126689e+00
9.300642687044033963e+00 1.315160819037270556e+00
9.440777723712105995e+00 1.334029771765834038e+00
9.582558626478412833e+00 1.353166836108971260e+00
9.726024078344108759e+00 1.372569284911942633e+00
9.871145936455354430e+00 1.392250817213981584e+00
1.001796889359777687e+01 1.412207400278415959e+00
1.016647021704971721e+01 1.432451398874084347e+00
1.031666725978228527e+01 1.452985499147804394e+00
1.046860495822551940e+01 1.473805968059741511e+00
1.062219724715645697e+01 1.494940097921221955e+00
1.077751239434538810e+01 1.516378661326505339e+00
1.093456622828681724e+01 1.538124991902348304e+00
1.109332134301986272e+01 1.560194801437367218e+00
1.125380383175286880e+01 1.582589044491188757e+00
1.141601038576222393e+01 1.605315539417603965e+00
1.157993964965619682e+01 1.628381665718903415e+00
1.174558591008627495e+01 1.651795806267607691e+00
1.191297852259024737e+01 1.675558471560572693e+00
1.208208220368874741e+01 1.699684786205824638e+00
1.225292712824175290e+01 1.724175199134662106e+00
1.242549030905462182e+01 1.749042097992464573e+00
1.259976957744267345e+01 1.774293234050427159e+00
1.277577957575176626e+01 1.799932718435645063e+00
1.295349506595298550e+01 1.825973478665862126e+00
1.313293367640694598e+01 1.852419093338301570e+00
1.331408168177395623e+01 1.879280055312728015e+00
1.349692987267709832e+01 1.906565903628529846e+00
1.368149183796757029e+01 1.934281330332987103e+00
1.386772758582545073e+01 1.962442600116588221e+00
1.405568701348360960e+01 1.991046799937495670e+00
1.424532156564520946e+01 2.020112140353408581e+00
1.443662299397783499e+01 2.049648256952205205e+00
1.462961408004470698e+01 2.079658329085733559e+00
1.482427712000220943e+01 2.110154199615184911e+00
1.502058390373312058e+01 2.141149965444846259e+00
1.521857441702231206e+01 2.172645544779451487e+00
1.541820482541177206e+01 2.204658497447151255e+00
1.561948421200633241e+01 2.237195428499690220e+00
1.582239342983419128e+01 2.270268926213945715e+00
1.602694521298693431e+01 2.303885095235366443e+00
1.623313234367167013e+01 2.338054305690752344e+00
1.644092772072656317e+01 2.372791130716016994e+00
1.665035992376305529e+01 2.408098839313221884e+00
1.686139795048895351e+01 2.443993070448368332e+00
1.707404219520103084e+01 2.480483162226775562e+00
1.728830915869465557e+01 2.517575334355773631e+00
1.750418899444959209e+01 2.555281343009978112e+00
1.772165295156364806e+01 2.593616927504153402e+00
1.794073144403055053e+01 2.632585980475674603e+00
1.816142487770967051e+01 2.672198671899460809e+00
1.838370283931320159e+01 2.712471570803932419e+00
1.860760178500777329e+01 2.753407908375240964e+00
1.883310274100847792e+01 2.795022302176881634e+00
1.906023093774386012e+01 2.837320641835169965e+00
1.928898415588613702e+01 2.880314546870502479e+00
1.951936197240597082e+01 2.924015466755779169e+00
1.975137305564894774e+01 2.968433220709717268e+00
1.998503450890057920e+01 3.013576137753815498e+00
2.022035989127148881e+01 3.059453466677769296e+00
2.045736116521984727e+01 3.106074984740260891e+00
2.069606408122908547e+01 3.153447911276034965e+00
2.093647058855457743e+01 3.201584453355446946e+00
2.117862482817465875e+01 3.250488562052662900e+00
2.142253317454014550e+01 3.300171979359086460e+00
2.166823824552045608e+01 3.350639384132998000e+00
2.191574369452744619e+01 3.401903488409521170e+00
2.216514428788545743e+01 3.453958913261666375e+00
2.241640754011789483e+01 3.506826046748610981e+00
2.266963483350517095e+01 3.560498580463752116e+00
2.292482725923199638e+01 3.614990565713311454e+00
2.318206631313179145e+01 3.670300075795149386e+00
2.344140627687396616e+01 3.726430842650924280e+00
2.370289840059736264e+01 3.783387394568220596e+00
2.396663102026679582e+01 3.841166953275686691e+00
2.423264746665953595e+01 3.899775993718526124e+00
2.450105197954657399e+01 3.959208848736547548e+00
2.477193159754527940e+01 4.019463469517972953e+00
2.504536521786331349e+01 4.080539602688425305e+00
2.532147876227635663e+01 4.142427594063750718e+00
2.560036281631358435e+01 4.205125077630101238e+00
2.588214960546848786e+01 4.268621346276360917e+00
2.616696882961505111e+01 4.332906302673330323e+00
2.645494567649128825e+01 4.397970868152918378e+00
2.674623871304639167e+01 4.463799249623353838e+00
2.704099712267561273e+01 4.530377649356245762e+00
2.733940546949147787e+01 4.597685116532382210e+00
2.764164656235672268e+01 4.665701127200551745e+00
2.794791147851120883e+01 4.734403541787483682e+00
2.825840309206978418e+01 4.803767886823998801e+00
2.857334704296225070e+01 4.873765107190731527e+00
2.889297188552786366e+01 4.944365653258780746e+00
2.921754624070794648e+01 5.015531858440133384e+00
2.954732136003381626e+01 5.087229778704601024e+00
2.988260323609677016e+01 5.159414383043888996e+00
3.022365864955443726e+01 5.232048949512839719e+00
3.057080238952546480e+01 5.305087148869361613e+00
3.092444489880539393e+01 5.378463268874886793e+00
3.128487033930871419e+01 5.452138069835275047e+00
3.165251400786514324e+01 5.526041664080061366e+00
3.202770194070387078e+01 5.600127324244483340e+00
3.241093076120046845e+01 5.674313911438241043e+00
3.280262099350167659e+01 5.748536885321954948e+00
3.320327998519260149e+01 5.822714910341911576e+00
3.361331927267648467e+01 5.896787604912961278e+00
3.403335076630830969e+01 5.970654900232414519e+00
3.446391559149269312e+01 6.044233029576389526e+00
3.490560757120675817e+01 6.117429444071826872e+00
3.535896224966736412e+01 6.190165751433993613e+00
3.582473612063726165e+01 6.262321188968638985e+00
3.630356335927851319e+01 6.333802962149574611e+00
3.679618647931539499e+01 6.404499729380611406e+00
3.730335830606521341e+01 6.474301990959944852e+00
3.782589358755771514e+01 6.543092204595019723e+00
3.836460813885354781e+01 6.610757535643660532e+00
3.892041598936727098e+01 6.677171097109569686e+00
3.949430378920881424e+01 6.742197944385423192e+00
4.008711877118724232e+01 6.805737287063992724e+00
4.070005018177850786e+01 6.867628930025828637e+00
4.133409499299252587e+01 6.927758649878521524e+00
4.199043746398212562e+01 6.985985075606274464e+00
4.267029714887249270e+01 7.042170316385259810e+00
4.337496765708113600e+01 7.096173559349355564e+00
4.410580164271257075e+01 7.147855038769503899e+00
4.486416936131506361e+01 7.197084694798095761e+00
4.565160444010508201e+01 7.243716504813491497e+00
4.646968683026292979e+01 7.287611574240958845e+00
4.732008210683206073e+01 7.328632216034510094e+00
4.820452782878196274e+01 7.366645747002645628e+00
4.912487568757146761e+01 7.401518534065018251e+00
5.008311034531945438e+01 7.433114596468358037e+00
5.108127288485565032e+01 7.461310326701282136e+00
5.212150454143156963e+01 7.485988342748432167e+00
5.320617037728496967e+01 7.507019213567438065e+00
5.433767214459128070e+01 7.524294108810768655e+00
5.551853866193272324e+01 7.537711363193228209e+00
5.675155220849023152e+01 7.547159143243719726e+00
5.803957156211784962e+01 7.552545176974391872e+00
5.938567282559031213e+01 7.553777192152161035e+00
6.079304853243000650e+01 7.550780002409069880e+00
6.226505860379703705e+01 7.543489575810207626e+00
6.380553719710243143e+01 7.531813739509702899e+00
6.541823260724888200e+01 7.515712064447058083e+00
6.710739305754157158e+01 7.495118618031615831e+00
6.887732509496234456e+01 7.470003363217544212e+00
7.073278392533971726e+01 7.440324498663914099e+00
7.267890999794869344e+01 7.406041508454611844e+00
7.472110638574557129e+01 7.367133181703120037e+00
7.686503943168426645e+01 7.323599230773051083e+00
7.911713579461023471e+01 7.275409608390441818e+00
8.148372981814118532e+01 7.222600603555813237e+00
8.397255770534628994e+01 7.165123434166172700e+00
8.659121798917045965e+01 7.103009117341557932e+00
8.934737332113768105e+01 7.036342297614517349e+00
9.225091805433130787e+01 6.965069311588446332e+00
9.531146690189562776e+01 6.889239538523337814e+00
9.853975143864639108e+01 6.808882245159745494e+00
1.019464580042506014e+02 6.724106176988158268e+00
1.055452116467188546e+02 6.634874126620983859e+00
1.093484795069367692e+02 6.541325877820166390e+00
1.133713753064169367e+02 6.443498095354237343e+00
1.176300734907589174e+02 6.341455461508720859e+00
1.221414649332592575e+02 6.235315146744626169e+00
1.269243293538635555e+02 6.125178349005094169e+00
1.319995002994399442e+02 6.011135650334460401e+00
1.373888505729179883e+02 5.893332178223409379e+00
1.431168568509775127e+02 5.771890819070064182e+00
1.492100152330551452e+02 5.646955978245395080e+00
1.556977815172659803e+02 5.518660946916203791e+00
1.626109577641897204e+02 5.387207858551645856e+00
1.699833090430011566e+02 5.252801157917043717e+00
1.778540211587445867e+02 5.115574326667288396e+00
1.862634891274521181e+02 4.975761330895641876e+00
1.952568244887629021e+02 4.833575133288708692e+00
2.048831998491012598e+02 4.689245956255414072e+00
2.151970338648037284e+02 4.542999212144740007e+00
2.262590839180232933e+02 4.395045522450679698e+00
2.381355005856146931e+02 4.245622510780669323e+00
2.508999778583490752e+02 4.094957845673885544e+00
2.646332008473523274e+02 3.943299551269205949e+00
2.794259231424179575e+02 3.790872398440376490e+00
2.953821334272939225e+02 3.637854454418752770e+00
3.126117177131437757e+02 3.484521656733087447e+00
3.312399903224437026e+02 3.331104428232186443e+00
3.514169485778737680e+02 3.177714478179495039e+00
3.732952490669851500e+02 3.024658504010591997e+00
3.970508533615049487e+02 2.872178818698908564e+00
4.228974936506086237e+02 2.720372860176330398e+00
4.510418096629717297e+02 2.569643274671735700e+00
4.817377178822545147e+02 2.420196104890904643e+00
5.152494793400281878e+02 2.272383072599071685e+00
5.518641103112702240e+02 2.126580305283992001e+00
5.918844996272626986e+02 1.983216775250891128e+00
6.356352606325539227e+02 1.842718386270661313e+00
6.834253318413583429e+02 1.705644835646715762e+00
7.355827337495703659e+02 1.572470320955598577e+00
7.924035415225141605e+02 1.443743005328804951e+00
8.541851233579648124e+02 1.319903799754294393e+00
9.211377636842591983e+02 1.201493625925952990e+00
9.934559884703560328e+02 1.088879692324433934e+00
1.071292437930641654e+03 9.823213597035189704e-01
1.154625800248216592e+03 8.821788212614037894e-01
1.243460779609654537e+03 7.885047109724948600e-01
1.337627296095943620e+03 7.014026212480876099e-01
1.436906835331782304e+03 6.208157547024355516e-01
1.540799421057096879e+03 5.468072311203181490e-01
1.648948776693481022e+03 4.790919571705083979e-01
1.760570445428560106e+03 4.176498403817490712e-01
1.875150066988020399e+03 3.620918387187428422e-01
1.991885672425047233e+03 3.121940157863379861e-01
2.110088577257968609e+03 2.675987848343259201e-01
2.228827791254985641e+03 2.280782121187634182e-01
2.347386470565583750e+03 1.932679709581638372e-01
2.465285017436587623e+03 1.627209149178542591e-01
2.582029958712675580e+03 1.360603012330715567e-01
2.697045451819363279e+03 1.129981325062661829e-01
2.810122612486345133e+03 9.314424195315097743e-02
2.920986826049972478e+03 7.620048386091060610e-02
3.029581089438196614e+03 6.184283290705958752e-02
3.135841748645923872e+03 4.980520972992838469e-02
3.239849791009614364e+03 3.981966368719020571e-02
3.341831937581892362e+03 3.161663438461233266e-02
3.442192644565272531e+03 2.491490596792151832e-02
3.541347518716873765e+03 1.947005747414617266e-02
3.639750943826681578e+03 1.505925301442740186e-02
3.737796186210580345e+03 1.150372232346213129e-02
3.835830547208550797e+03 8.657514942547482606e-03
3.934126503580098870e+03 6.409809725136782904e-03
4.032853711235982701e+03 4.686932278596895110e-03
4.132001567054217048e+03 3.466283232426792781e-03
4.229133474367450617e+03 3.302536664331452276e-03
4.332449491775370007e+03 2.235620592357090257e-03
4.437258799762785202e+03 1.402388872002903984e-03
4.543901889168697380e+03 7.243720412579509769e-04
4.653324761443420357e+03 2.280561856740282911e-07
4.761934348772132580e+03 2.280561856740282911e-07
4.873078906915144216e+03 2.280561856740282911e-07
4.986817602629154862e+03 2.280561856740282911e-07
5.103210983635535740e+03 2.280561856740282911e-07
5.222321010852308063e+03 2.280561856740282911e-07
5.344211091378468154e+03 2.280561856740282911e-07
5.468946112248169811e+03 2.280561856740282911e-07
5.596592474972699165e+03 2.280561856740282911e-07
5.727218130888710220e+03 2.280561856740282911e-07
5.860892617331467591e+03 2.280561856740282911e-07
5.997687094652413180e+03 2.280561856740282911e-07
6.137674384100674615e+03 2.280561856740282911e-07
6.280929006588791708e+03 2.280561856740282911e-07
6.427527222363209148e+03 2.280561856740282911e-07
6.577547071600723939e+03 2.280561856740282911e-07
6.731068415952399846e+03 2.280561856740282911e-07
6.888172981057183279e+03 2.280561856740282911e-07
7.048944400047795170e+03 2.280561856740282911e-07
7.213468258071999117e+03 2.280561856740282911e-07
7.381832137853075437e+03 2.280561856740282911e-07
7.554125666313642796e+03 2.280561856740282911e-07
7.730440562287735702e+03 2.280561856740282911e-07
7.910870685346409118e+03 2.280561856740282911e-07
8.095512085763037248e+03 2.280561856740282911e-07
8.284463055644742781e+03 2.280561856740282911e-07
8.477824181257310556e+03 2.280561856740282911e-07
8.675698396571293415e+03 2.280561856740282911e-07
8.878191038057948390e+03 2.280561856740282911e-07
9.085409900764159829e+03 2.280561856740282911e-07
9.297465295696041721e+03 2.280561856740282911e-07
9.514470108542016533e+03 2.280561856740282911e-07
9.736539859766415248e+03 2.280561856740282911e-07
9.963792766105747432e+03 2.280561856740282911e-07
1.019634980350020487e+04 2.280561856740282911e-07
1.043433477149411010e+04 2.280561856740282911e-07
1.067787435913940135e+04 2.280561856740282911e-07
1.092709821243741135e+04 2.280561856740282911e-07
1.118213900335461767e+04 2.280561856740282911e-07
1.144313250044934102e+04 2.280561856740282911e-07
1.171021764114690632e+04 2.280561856740282911e-07
1.198353660570158900e+04 2.280561856740282911e-07
1.226323489288497512e+04 2.280561856740282911e-07
1.254946139744085121e+04 2.280561856740282911e-07
1.284236848934794398e+04 2.280561856740282911e-07
1.314211209493258502e+04 2.280561856740282911e-07
1.344885177987465977e+04 2.280561856740282911e-07
1.376275083415086556e+04 2.280561856740282911e-07
1.408397635896064821e+04 2.280561856740282911e-07
1.441269935568086294e+04 2.280561856740282911e-07
1.474909481689678614e+04 2.280561856740282911e-07
1.509334181955780878e+04 2.280561856740282911e-07
1.544562362030727490e+04 2.280561856740282911e-07
1.580612775303749004e+04 2.280561856740282911e-07
1.617504612872157304e+04 2.280561856740282911e-07
1.655257513757553897e+04 2.280561856740282911e-07
1.693891575360465140e+04 2.280561856740282911e-07
1.733427364159013450e+04 2.280561856740282911e-07
1.773885926657282471e+04 2.280561856740282911e-07
1.815288800589231687e+04 2.280561856740282911e-07
1.857658026384095865e+04 2.280561856740282911e-07
1.901016158899406219e+04 2.280561856740282911e-07
1.945386279427859336e+04 2.280561856740282911e-07
1.990792007984414886e+04 2.280561856740282911e-07
2.037257515880194478e+04 2.280561856740282911e-07
2.084807538589856631e+04 2.280561856740282911e-07
2.133467388919279256e+04 2.280561856740282911e-07
2.183262970480604054e+04 2.280561856740282911e-07
2.234220791481776541e+04 2.280561856740282911e-07
2.286367978837940245e+04 2.280561856740282911e-07
2.339732292612189485e+04 2.280561856740282911e-07
2.394342140793395447e+04 2.280561856740282911e-07
2.450226594418904278e+04 2.280561856740282911e-07
2.507415403050246459e+04 2.280561856740282911e-07
2.565939010610031255e+04 2.280561856740282911e-07
2.625828571588482373e+04 2.280561856740282911e-07
2.687115967628234648e+04 2.280561856740282911e-07
2.749833824496227680e+04 2.280561856740282911e-07
2.814015529451718976e+04 2.280561856740282911e-07
2.879695249019698895e+04 2.280561856740282911e-07
2.946907947179082839e+04 2.280561856740282911e-07
3.015689403975479217e+04 2.280561856740282911e-07
3.086076234568354266e+04 2.280561856740282911e-07
3.158105908722763706e+04 2.280561856740282911e-07
3.231816770756032565e+04 2.280561856740282911e-07
3.307248059949979506e+04 2.280561856740282911e-07
3.384439931439609063e+04 2.280561856740282911e-07
3.463433477589277754e+04 2.280561856740282911e-07
3.544270749867848644e+04 2.280561856740282911e-07
3.626994781234395487e+04 2.280561856740282911e-07
3.711649609046385012e+04 2.280561856740282911e-07
3.798280298502554069e+04 2.280561856740282911e-07
3.886932966632930038e+04 2.280561856740282911e-07
3.977654806848832231e+04 2.280561856740282911e-07
4.070494114065790200e+04 2.280561856740282911e-07
4.165500310412916588e+04 2.280561856740282911e-07
4.262723971542305662e+04 2.280561856740282911e-07
4.362216853552503017e+04 2.280561856740282911e-07
4.464031920540376450e+04 2.280561856740282911e-07
4.568223372796053445e+04 2.280561856740282911e-07
4.674846675655923173e+04 2.280561856740282911e-07
4.783958589029125869e+04 2.280561856740282911e-07
4.895617197613095777e+04 2.280561856740282911e-07
5.009881941814438323e+04 2.280561856740282911e-07
5.126813649391464423e+04 2.280561856740282911e-07
5.246474567835268681e+04 2.280561856740282911e-07
5.368928397506598412e+04 2.280561856740282911e-07
5.494240325546125678e+04 2.280561856740282911e-07
5.622477060576249642e+04 2.280561856740282911e-07
5.753706868212740665e+04 2.280561856740282911e-07
5.887999607405335701e+04 2.280561856740282911e-07
6.025426767626482615e+04 2.280561856740282911e-07
6.166061506928085873e+04 2.280561856740282911e-07
6.309978690886504774e+04 2.280561856740282911e-07
6.457254932456523966e+04 2.280561856740282911e-07
6.607968632755587169e+04 2.280561856740282911e-07
6.762200022799818544e+04 2.280561856740282911e-07
6.920031206214295526e+04 2.280561856740282911e-07
7.081546202940124203e+04 2.280561856740282911e-07
7.246830993961665081e+04 2.280561856740282911e-07
7.415973567077699408e+04 2.280561856740282911e-07
7.589063963740904001e+04 2.280561856740282911e-07
7.766194326990545960e+04 2.280561856740282911e-07
7.947458950504034874e+04 2.280561856740282911e-07
8.132954328793165041e+04 2.280561856740282911e-07
8.322779208572133211e+04 2.280561856740282911e-07
8.517034641324395488e+04 2.280561856740282911e-07
8.715824037096473330e+04 2.280561856740282911e-07
8.919253219547323533e+04 2.280561856740282911e-07
9.127430482282527373e+04 2.280561856740282911e-07
9.340466646503465017e+04 2.280561856740282911e-07
9.558475120001813048e+04 2.280561856740282911e-07
9.781571957531188673e+04 2.280561856740282911e-07
1.000987592258778459e+05 2.280561856740282911e-07
1.024350855063299387e+05 2.280561856740282911e-07
1.048259421379167034e+05 2.280561856740282911e-07
1.072726018706042669e+05 2.280561856740282911e-07
1.097763671606137505e+05 2.280561856740282911e-07
1.123385708637701027e+05 2.280561856740282911e-07
1.149605769450363296e+05 2.280561856740282911e-07
1.176437812046071049e+05 2.280561856740282911e-07
1.203896120209497749e+05 2.280561856740282911e-07
1.231995311111882329e+05 2.280561856740282911e-07
1.260750343092341936e+05 2.280561856740282911e-07
1.290176523620800290e+05 2.280561856740282911e-07
1.320289517446785176e+05 2.280561856740282911e-07
1.351105354938394157e+05 2.280561856740282911e-07
1.382640440615920525e+05 2.280561856740282911e-07
1.414911561884641706e+05 2.280561856740282911e-07
1.447935897971437080e+05 2.280561856740282911e-07
1.481731029069986835e+05 2.280561856740282911e-07
1.516314945699417731e+05 2.280561856740282911e-07
1.551706058281400765e+05 2.280561856740282911e-07
1.587923206940745295e+05 2.280561856740282911e-07
1.624985671534775465e+05 2.280561856740282911e-07
1.662913181916775357e+05 2.280561856740282911e-07
1.701725928438991832e+05 2.280561856740282911e-07
1.741444572700777499e+05 2.280561856740282911e-07
1.782090258547593839e+05 2.280561856740282911e-07
1.823684623326753208e+05 2.280561856740282911e-07
1.866249809405834822e+05 2.280561856740282911e-07
1.909808475959979114e+05 2.280561856740282911e-07
1.954383811034281971e+05 2.280561856740282911e-07
1.999999543887732725e+05 2.280561856740282911e-07
