1.925281243334118875e+00 3.880926847678956709e-02
2.561639705196994132e+00 4.885892412851287891e-02
3.395547538281260991e+00 6.299307930801292810e-02
4.496444824251729422e+00 7.839064498508187262e-02
5.948815058032940861e+00 9.501493117076746653e-02
7.815432966427665384e+00 1.197023616912065852e-01
1.024236752004455475e+01 1.477846427149769326e-01
1.338086796120270350e+01 1.802706508120966999e-01
1.738567498935214672e+01 2.203361167042939828e-01
2.249056797218283776e+01 2.672891783485565886e-01
2.887839423502790837e+01 3.258922643612890968e-01
3.677006430807281845e+01 3.989172210910078564e-01
4.642103091286131900e+01 4.885956759891573187e-01
5.833227082588101098e+01 5.914308727900184914e-01
7.293065170575265199e+01 7.099826192234794942e-01
9.135974421428208814e+01 8.338003182310553818e-01
1.163583179505352092e+02 9.342589381176050756e-01
1.559230057240604026e+02 9.391302310976171741e-01
2.228172795851446324e+02 8.229444544750086354e-01
3.383040066729962518e+02 6.129477172429508292e-01
5.906081425850405822e+02 2.411753150023239201e-01
9.213822365636642644e+02 6.880346425400471477e-02
1.285401582765402736e+03 2.920997296412933958e-02
1.766954878900683752e+03 5.825136663591357067e-03
2.387552738932700777e+03 2.280561856740282911e-07
3.207436756026866078e+03 2.280561856740282911e-07
4.308868397399673086e+03 2.280561856740282911e-07
5.788530929323213059e+03 2.280561856740282911e-07
7.776308587180895302e+03 2.280561856740282911e-07
1.044668776610191162e+04 2.280561856740282911e-07
1.403407337285040194e+04 2.280561856740282911e-07
1.885336480273122652e+04 2.280561856740282911e-07
2.532759769323272121e+04 2.280561856740282911e-07
3.402507783742224274e+04 2.280561856740282911e-07
4.570926685841871949e+04 2.280561856740282911e-07
6.140579859118478635e+04 2.280561856740282911e-07
8.249250884510003380e+04 2.280561856740282911e-07
1.108203813269161474e+05 2.280561856740282911e-07
1.488760263129349041e+05 2.280561856740282911e-07
1.999999543887732725e+05 2.280561856740282911e-07
