1.942042911669241478e+00 2.984336132971567718e-02
2.589278107190609912e+00 3.766322270920566956e-02
3.445631161658641695e+00 4.754205087837764382e-02
4.575667306288150549e+00 5.971953588080585601e-02
6.061298013673466656e+00 7.469411611585054234e-02
8.007140064525026801e+00 9.289442667785564878e-02
1.054493061977604285e+01 1.148515403697840664e-01
1.383988719468611883e+01 1.411253223988164218e-01
1.809385936012613527e+01 1.725727872929073703e-01
2.354509878967743575e+01 2.105302110074700750e-01
3.045418866092244059e+01 2.572864754243425200e-01
3.908326737227002212e+01 3.161201618901207100e-01
4.969536658579709609e+01 3.905148636451292732e-01
6.264761719304836873e+01 4.818085799846915096e-01
7.869425054686158205e+01 5.847427983473163504e-01
9.962229264170699139e+01 6.817072120213319986e-01
1.291291779525441257e+02 7.429609642746016762e-01
1.731317369298597555e+02 7.463869968891049256e-01
2.387765230268017831e+02 7.011032702547327355e-01
3.341066703634866712e+02 6.332109583556141397e-01
4.700264396643640907e+02 5.595893880765075989e-01
6.640721673171814246e+02 4.829360042595907676e-01
9.523236660019364308e+02 3.891790947504806253e-01
1.459243046670716012e+03 2.179243455046749600e-01
2.362692683012529869e+03 1.052214729198008673e-02
3.207436756026866078e+03 2.280561856740282911e-07
4.308868397399673086e+03 2.280561856740282911e-07
5.788530929323213059e+03 2.280561856740282911e-07
7.776308587180895302e+03 2.280561856740282911e-07
1.044668776610191162e+04 2.280561856740282911e-07
1.403407337285040194e+04 2.280561856740282911e-07
1.885336480273122652e+04 2.280561856740282911e-07
2.532759769323272121e+04 2.280561856740282911e-07
3.402507783742224274e+04 2.280561856740282911e-07
4.570926685841871949e+04 2.280561856740282911e-07
6.140579859118478635e+04 2.280561856740282911e-07
8.249250884510003380e+04 2.280561856740282911e-07
1.108203813269161474e+05 2.280561856740282911e-07
1.488760263129349041e+05 2.280561856740282911e-07
1.999999543887732725e+05 2.280561856740282911e-07
