1.998487265075576280e+00 7.569399869888689819e-04
2.092841619393309927e+00 7.686966699497093432e-04
2.191626022839219701e+00 7.917289795039930038e-04
2.295049302737406816e+00 8.251643835768647994e-04
2.403330843444131393e+00 8.678897034013015582e-04
2.516700772520747975e+00 9.187250312844784904e-04
2.635400104588666359e+00 9.765833294886473552e-04
2.759680939410596334e+00 1.040579080143929280e-03
2.889806737325360420e+00 1.110087978029235343e-03
3.026052792360637511e+00 1.184728886787715435e-03
3.168706770017896357e+00 1.264331883654175055e-03
3.318069391114271571e+00 1.348872620416112890e-03
3.474455195058866241e+00 1.438403821077970362e-03
3.638193343257000834e+00 1.532998152412526002e-03
3.809628423687142273e+00 1.632711947631194233e-03
3.989121207765204069e+00 1.737578032576026985e-03
4.177049332684385163e+00 1.847626756328142475e-03
4.373807932678231758e+00 1.962921694371086087e-03
4.579810306411673082e+00 2.083585872288267003e-03
4.795488779422020009e+00 2.209787131061591650e-03
5.021295915824918410e+00 2.341663822043975763e-03
5.257706091788842073e+00 2.479207950840609572e-03
5.505217367987746968e+00 2.622133874050851677e-03
5.764353256960099259e+00 2.769812700087649713e-03
6.035664023829410141e+00 2.921318166876157429e-03
6.319727158730769290e+00 3.075610423245811985e-03
6.617146947259175960e+00 3.231825192586950529e-03
6.928553311255188696e+00 3.389603972681838866e-03
7.254600295063311499e+00 3.549389185024058591e-03
7.595964582844634272e+00 3.712630375717534958e-03
7.953344391079765430e+00 3.881872442360728096e-03
8.327458935848126131e+00 4.060728167366726808e-03
8.719048695979905617e+00 4.253739529351878608e-03
9.128876723762045842e+00 4.466133156341433458e-03
9.557731250441676707e+00 4.703479904098536481e-03
1.000642970249038655e+01 4.971284351519419768e-03
1.047582382803119927e+01 5.274566806522787421e-03
1.096680521542545783e+01 5.617521406187712257e-03
1.148031014627600044e+01 6.003335934787273898e-03
1.201732292356874154e+01 6.434209669518615657e-03
1.257887685233890096e+01 6.911582774193679966e-03
1.316605316675004822e+01 7.436491136353634915e-03
1.377997823543106115e+01 8.009977253268008718e-03
1.442182054287614967e+01 8.633423412571058359e-03
1.509278778333972681e+01 9.308793828078839108e-03
1.579412491870517421e+01 1.003874655731018702e-02
1.652711344655919135e+01 1.082663007505506661e-02
1.729307161284128114e+01 1.167640976618694072e-02
1.809335530742315612e+01 1.259255895841389708e-02
1.892935927177512312e+01 1.357994638966237254e-02
1.980251849955427090e+01 1.464373002853522343e-02
2.071430931264398012e+01 1.578928376959391755e-02
2.166624977104084948e+01 1.702216620893181112e-02
2.265989878300933924e+01 1.834814945844424894e-02
2.369685517809231357e+01 1.977323654475484499e-02
2.477875340324770548e+01 2.130380717465648124e-02
2.590725883981638589e+01 2.294673488300596337e-02
2.708406035463544015e+01 2.470956925320056535e-02
2.831086237420839424e+01 2.660067717384696079e-02
2.958937365597907387e+01 2.862944715078402300e-02
3.092129662352544273e+01 3.080640490946660176e-02
3.230831594117906747e+01 3.314330156765011443e-02
3.375209023474909031e+01 3.565305870466115024e-02
3.525424746793758857e+01 3.834959307255750294e-02
3.681640297898192671e+01 4.124701870036870388e-02
3.844016859253574836e+01 4.435926118822358655e-02
4.012718180867236839e+01 4.769923447544799355e-02
4.187913248411463485e+01 5.127827484393494145e-02
4.369776860402250662e+01 5.510622656347724524e-02
4.558489189023584487e+01 5.919176990310024561e-02
4.754232410189780467e+01 6.354335514303535715e-02
4.957186632894325840e+01 6.817009995092747354e-02
5.167525498998198685e+01 7.308256549406090541e-02
5.385413552404990867e+01 7.829300636760613830e-02
5.611009557847040696e+01 8.381440527567765586e-02
5.844464521457617678e+01 8.966068313491917796e-02
6.085921271365409524e+01 9.584658331875682558e-02
6.335507009269329615e+01 1.023888000370197643e-01
6.593325733887427020e+01 1.093069047026489354e-01
6.859440949205969673e+01 1.166256674283635275e-01
7.133870992596366989e+01 1.243749389406467731e-01
7.416599556793947556e+01 1.325872226357251993e-01
7.707595152216758549e+01 1.412943673839009706e-01
8.006850619720212592e+01 1.505219874736093977e-01
8.314432588980120897e+01 1.602834900350408043e-01
8.630503852555978028e+01 1.705788109510611716e-01
8.955336279762633467e+01 1.813946256942486346e-01
9.289250692010845967e+01 1.927139152075616202e-01
9.632540433782914135e+01 2.045260839990201418e-01
9.985377235660811834e+01 2.168376908824966032e-01
1.034772557941430335e+02 2.296805600091299249e-01
1.071932815518695463e+02 2.431104688883268805e-01
1.109976138555659730e+02 2.571981337805410717e-01
1.148854048676363249e+02 2.720160509418816375e-01
1.188521786216774245e+02 2.876279161743863222e-01
1.228944909964362893e+02 3.040828866168225897e-01
1.270094591773992221e+02 3.214222778650200341e-01
1.311942325601761183e+02 3.396860274007037495e-01
1.354460772404360398e+02 3.589122691864808923e-01
1.397628049529502334e+02 3.791335494569509912e-01
1.441442732524985502e+02 4.003629722599145180e-01
1.485937782790866208e+02 4.225825142865262118e-01
1.531178377716776140e+02 4.457472815151612977e-01
1.577233602111330981e+02 4.698134975659336576e-01
1.624121626003763481e+02 4.947886208219419157e-01
1.671750293277590629e+02 5.207821430995874801e-01
1.719872729673973026e+02 5.480400142825206933e-01
1.768098843396422239e+02 5.769286106252062840e-01
1.815974159900751488e+02 6.078628041202609467e-01
1.863113982957814017e+02 6.411916845061295112e-01
1.909361424893934043e+02 6.770679876988272561e-01
1.954893923191703493e+02 7.153616517363114991e-01
2.000248419914263422e+02 7.556382636610008419e-01
2.046245247647790677e+02 7.972205259326038407e-01
2.093812807582613402e+02 8.393368931126107269e-01
2.143785592771341442e+02 8.812991798474447691e-01
2.196718065164265852e+02 9.226709862654403072e-01
2.252749716823055337e+02 9.633893487682051449e-01
2.311536088552743706e+02 1.003820320359499974e+00
2.372240259259485242e+02 1.044753040754343720e+00
2.433592101127519527e+02 1.087333425847305524e+00
2.494016072012089467e+02 1.132948881478471392e+00
2.551847282426567176e+02 1.183057099399066336e+00
2.605630437814753577e+02 1.238963617929747407e+00
2.654452603547512695e+02 1.301574092585067621e+00
2.698222085527092418e+02 1.371167986944725747e+00
2.737786116946643347e+02 1.447262632516608694e+00
2.774822689684860393e+02 1.528627978487683281e+00
2.811518380009254088e+02 1.613480891979785836e+00
2.850153622435560692e+02 1.699802948846479866e+00
2.892685035909395310e+02 1.785731580130141438e+00
2.940458637685235885e+02 1.869891129722936141e+00
2.994090539882354278e+02 1.951587400265833327e+00
3.053499392586880390e+02 2.030838665376959895e+00
3.118044181960055994e+02 2.108268107843363381e+00
3.186714657876482306e+02 2.184913482572095944e+00
3.258317556658011540e+02 2.262026530958553217e+00
3.331639442381185177e+02 2.340896201210776351e+00
3.405566700817454375e+02 2.422722320976350652e+00
3.479187294239272319e+02 2.508514932860568258e+00
3.551868101859315061e+02 2.599021061620019779e+00
3.623316200975757511e+02 2.694664965291249992e+00
3.693591404005892400e+02 2.795530866550844706e+00
3.763048880218701697e+02 2.901410055205336125e+00
3.832211250870521440e+02 3.011918455652723647e+00
3.901570132415386638e+02 3.126693376808378222e+00
3.971389357307777459e+02 3.245601533013130702e+00
4.041497355700157073e+02 3.368974201625162035e+00
4.111202071090213508e+02 3.497726425683488571e+00
4.179288674563036352e+02 3.633397601317596592e+00
4.244149842875440868e+02 3.778056832170377355e+00
4.304041440524951554e+02 3.934073966396922195e+00
4.357441219662836147e+02 4.103764686958825791e+00
4.403455157739097103e+02 4.288940509936177037e+00
4.442178464198335632e+02 4.490429736333487298e+00
4.474897263206653406e+02 4.707676517219152146e+00
4.504037799324668754e+02 4.938550775097938939e+00
4.532839162106641879e+02 5.179484845177350749e+00
4.564797723493181820e+02 5.426005948940967549e+00
4.603086657232765901e+02 5.673498853633373251e+00
4.649992461253374358e+02 5.918159531087940906e+00
4.706578226790102804e+02 6.157768038166020474e+00
4.772580711736307535e+02 6.392131770453779005e+00
4.846552499426894656e+02 6.623074081290052817e+00
4.926169024383826240e+02 6.854053095492464998e+00
5.008621090381885779e+02 7.089562676742842129e+00
5.091000812375764895e+02 7.334511226967997288e+00
5.170629181601613027e+02 7.593696059150372157e+00
5.245314060241328207e+02 7.871396010268304266e+00
5.313564435027354875e+02 8.171018960694780731e+00
5.374768455626009427e+02 8.494757196679994848e+00
5.429312320612559688e+02 8.843258214984961896e+00
5.478570202697345621e+02 9.215427646714790200e+00
5.524693526176573641e+02 9.608541317585775232e+00
5.570279090868003777e+02 1.001861447821793760e+01
5.617872209769934670e+02 1.044121554958576326e+01
5.669523287221163628e+02 1.087237376056942928e+01
5.726460466204397335e+02 1.130942926997160924e+01
5.788941414812238691e+02 1.175161258747162840e+01
5.856276495933880142e+02 1.220026868715968504e+01
5.926997325762101809e+02 1.265871028287280708e+01
5.999079603044566511e+02 1.313187801404570898e+01
6.070229805442467068e+02 1.362579399353924359e+01
6.138203247086288457e+02 1.414688752030796692e+01
6.201144089038175480e+02 1.470120277878390169e+01
6.257921941200009996e+02 1.529351120810818543e+01
6.308392119730265222e+02 1.592646333904694522e+01
6.353492372991928505e+02 1.659999209418235822e+01
6.395109251535027397e+02 1.731121228917810129e+01
6.435746733804844553e+02 1.805487924995063409e+01
6.478047058701469041e+02 1.882444909979363956e+01
6.524328502501448384e+02 1.961339315120654092e+01
6.576225935552376995e+02 2.041650805328600526e+01
6.634539413645427430e+02 2.123077935174255515e+01
6.699241121965571892e+02 2.205578626231847394e+01
6.769623177307857986e+02 2.289357486212901449e+01
6.844515626867951141e+02 2.374816413616753863e+01
6.922519520569843507e+02 2.462486571445477068e+01
7.002227994380988321e+02 2.552953390728204397e+01
7.082417801256918892e+02 2.646783341050545602e+01
7.162203735471240407e+02 2.744456895856971101e+01
7.241141348886866353e+02 2.846314362165680478e+01
7.319258765679416001e+02 2.952523995306859206e+01
7.397003460950591034e+02 3.063081967656578541e+01
7.475111842249867777e+02 3.177846813420739025e+01
7.554426777680621399e+02 3.296603966523712614e+01
7.635715583022423516e+02 3.419141789953913957e+01
7.719513985771866373e+02 3.545328159767556286e+01
7.806068451123466048e+02 3.675150881255138557e+01
7.895331299275727588e+02 3.808736468918318963e+01
7.987023865735569643e+02 3.946335108195150099e+01
8.080730780048652377e+02 4.088285435320113237e+01
8.175997733739070554e+02 4.234971306969578109e+01
8.272411854773633877e+02 4.386781510242641247e+01
8.369655490934587760e+02 4.544078668807915733e+01
8.467532982205449343e+02 4.707179435759283592e+01
8.565971938346916659e+02 4.876347079308208521e+01
8.665008463839939168e+02 5.051792935020645103e+01
8.764757311670765603e+02 5.233687603145386902e+01
8.865381784181047351e+02 5.422174265325359954e+01
8.967057172895597432e+02 5.617388346858844272e+01
9.069942380718779305e+02 5.819474894721933822e+01
9.174153100875760174e+02 6.028607492151186875e+01
9.279751987686053099e+02 6.244998183155395566e+01
9.386739686713560786e+02 6.468907969040937189e+01
9.495056464123039177e+02 6.700650874981231198e+01
9.604591885021770850e+02 6.940592297843413405e+01
9.715203510825742796e+02 7.189139965044998348e+01
9.826745070856856046e+02 7.446726006284498567e+01
9.939101541289035140e+02 7.713780818977303966e+01
1.005222643205012901e+03 7.990701337201186050e+01
1.016617001106276916e+03 8.277822301238950331e+01
1.028109090495253213e+03 8.575397714207228717e+01
1.039724433771144504e+03 8.883600339924885247e+01
1.051494663175318919e+03 9.202542876195528265e+01
1.063452773685051170e+03 9.532313855586565410e+01
1.075628313124915167e+03 9.873019957343468889e+01
1.088043874975260906e+03 1.022482228585040787e+02
1.100713822438292027e+03 1.058795590968373119e+02
1.113645070235607818e+03 1.096273107117860519e+02
1.126839373157456066e+03 1.134951843702800431e+02
1.140296096374316448e+03 1.174872654885254093e+02
1.154014550928235394e+03 1.216078027721475934e+02
1.167995333201777839e+03 1.258610691214068424e+02
1.182240549248234629e+03 1.302513272484409015e+02
1.196753164956856381e+03 1.347828907167662464e+02
1.211535977024195290e+03 1.394602379788950657e+02
1.226590602079480504e+03 1.442881394935736807e+02
1.241916752285138500e+03 1.492717659280889961e+02
1.257512608241738917e+03 1.544166728774378043e+02
1.273374987673175610e+03 1.597288068476326544e+02
1.289500033797150309e+03 1.652144427987576023e+02
1.305883432089637836e+03 1.708801737782476664e+02
1.322520393309197061e+03 1.767329292476433977e+02
1.339404878898300012e+03 1.827800984447687824e+02
1.356528647795646521e+03 1.890296929940041650e+02
1.373880525519344474e+03 1.954904961039040359e+02
1.391446454428259813e+03 2.021721134991434496e+02
1.409210733856086108e+03 2.090848497923345803e+02
1.427158484359847080e+03 2.162393794135766143e+02
1.445278853426082833e+03 2.236462580925466170e+02
1.463568001393503891e+03 2.313154064024433580e+02
1.482030723614696853e+03 2.392557501760629748e+02
1.500679898756346802e+03 2.474751792191752600e+02
1.519533279223479894e+03 2.559809569441763699e+02
1.538608871737818617e+03 2.647804337589353736e+02
1.557919832638647677e+03 2.738819432113068615e+02
1.577470628274283854e+03 2.832955859879194804e+02
1.597255321764503606e+03 2.930337175349221752e+02
1.617258290407046843e+03 3.031110303845286467e+02
1.637456625516929535e+03 3.135443105655653540e+02
1.657823107937331770e+03 3.243520370754343389e+02
1.678328638914893190e+03 3.355540288824983577e+02
1.698943404175085107e+03 3.471712989055463936e+02
1.719636627095513404e+03 3.592261801742112652e+02
1.740375315007222071e+03 3.717426813362210396e+02
1.761122733771039293e+03 3.847469462107135314e+02
1.781837464170730755e+03 3.982676412241544313e+02
1.802474051071392296e+03 4.123360254019728472e+02
1.822984014580729763e+03 4.269859379993742436e+02
1.843319324729758819e+03 4.422531845265044694e+02
1.863435825319464811e+03 4.581748364646967957e+02
1.883296578684829456e+03 4.747884372049572903e+02
1.902874961144518693e+03 4.921311417105210353e+02
1.922156668120511313e+03 5.102390022922217554e+02
1.941140893153962907e+03 5.291463584161183462e+02
1.959840478557355027e+03 5.488854117529679115e+02
1.978280817215153547e+03 5.694860929911985750e+02
1.996497309125348693e+03 5.909763446042237547e+02
2.014531530372975794e+03 6.133828622507222690e+02
2.032426916910335649e+03 6.367321390885593928e+02
2.050225476027803779e+03 6.610513821603932456e+02
2.067967283761752242e+03 6.863686786615752453e+02
2.085694032422590681e+03 7.127118114490264134e+02
2.103456640655993851e+03 7.401054356674686687e+02
2.121325447745567544e+03 7.685668312433532492e+02
2.139400472295051259e+03 7.981009293992084395e+02
2.157819296280459184e+03 8.286954927420226795e+02
2.176760854043212476e+03 8.603172889663609340e+02
2.196445379370161390e+03 8.929095062375079124e+02
2.217131715420062392e+03 9.263903004324521362e+02
2.239113982880306594e+03 9.606519616929613221e+02
2.262719359713439644e+03 9.955601376104655174e+02
2.288308007067778362e+03 1.030952729282406608e+03
2.316275397719325156e+03 1.066638361372039753e+03
2.347056778914347433e+03 1.102394585745689938e+03
2.381133345168092092e+03 1.137966125788227373e+03
2.419039809125958982e+03 1.173063507592106589e+03
2.461373304869281583e+03 1.207362388482092911e+03
2.508803806550832633e+03 1.240503834504470433e+03
2.562086418690205846e+03 1.272095757935501297e+03
2.622075970067116486e+03 1.301715723637641076e+03
2.689744860993665952e+03 1.328915106686153194e+03
2.766203904172771217e+03 1.353225215054464115e+03
2.852727871207342560e+03 1.374165033003503140e+03
2.950785788750851680e+03 1.391251078464511920e+03
3.062076816324587980e+03 1.404009448955732978e+03
3.188572288301407752e+03 1.411990165480002361e+03
3.332564325324986385e+03 1.414783823034580792e+03
3.496721080906495899e+03 1.412040387434257582e+03
3.684148212480306483e+03 1.403489683575534627e+03
3.898455354537463791e+03 1.388962751569590637e+03
4.143825224398719001e+03 1.368412783053808653e+03
4.425081385959120780e+03 1.341933862416777401e+03
4.747748439170390157e+03 1.309775357073498526e+03
5.118095554323789656e+03 1.272349604971863073e+03
5.543150773487140214e+03 1.230230701562227978e+03
6.030669757054746697e+03 1.184142742026405131e+03
6.589039299669327193e+03 1.134936855289294954e+03
7.227094350999998824e+03 1.083557654596310613e+03
7.953829270515881944e+03 1.031001156504208893e+03
8.777992096647521976e+03 9.782675042695187813e+02
9.707566790189595849e+03 9.263127297268142684e+02
1.074917351012301515e+04 8.760040841461800483e+02
1.190744862441249279e+04 8.280830813442141789e+02
1.318449741136687408e+04 7.831393892549875773e+02
1.457953204286605433e+04 7.415972640341635724e+02
1.608880279673450423e+04 7.037146195810238396e+02
1.770589332786799787e+04 6.695933562499305935e+02
1.942238413154572481e+04 6.391984683297514493e+02
2.122880879928402283e+04 6.123828437609780622e+02
2.311576102174472544e+04 5.889145858560065108e+02
2.507498045880975769e+04 5.685040373604591650e+02
2.710026238934945650e+04 5.508283327113626910e+02
2.918809102126621292e+04 5.355520752005307941e+02
3.133796744505698007e+04 5.223434896064121631e+02
3.355246665973086783e+04 5.108860304331523139e+02
3.583709838277556264e+04 5.008858740812545420e+02
3.820005906990249059e+04 4.920759918269183117e+02
4.065195502907168702e+04 4.842175885669329887e+02
4.320555558981185459e+04 4.770996850250318175e+02
4.587561349133051408e+04 4.705375111071195988e+02
4.867877032925780804e+04 4.643702464030271813e+02
5.163355044556359644e+04 4.584585133954869889e+02
5.476043976456246310e+04 4.526818918158084557e+02
5.808204209449995687e+04 4.469366269436845869e+02
6.162330490925777849e+04 4.411336266036546476e+02
6.541180862637715472e+04 4.351967801286124313e+02
6.947811535003308381e+04 4.290615974047271948e+02
7.385617532096103241e+04 4.226741428369263076e+02
7.858379143450276752e+04 4.159902255081621547e+02
8.370314507868410146e+04 4.089747946142473438e+02
8.926138718552629871e+04 4.016014937529619715e+02
9.531130069415984326e+04 3.938523231276930119e+02
1.019120414105977252e+05 3.857173641557297401e+02
1.091299656592531974e+05 3.771945234560570270e+02
1.170395541495710931e+05 3.682892585777671002e+02
1.257244408313643798e+05 3.590142587128449918e+02
1.352785599601888389e+05 3.493890480068379247e+02
1.458074246468866768e+05 3.394394934204398169e+02
1.574295494315598917e+05 3.291972123743985890e+02
1.702780343400979764e+05 3.186988742703868525e+02
1.845023252201414725e+05 3.079854089862994329e+02
2.002701632511640782e+05 2.971011446398148337e+02
2.177697343115957628e+05 2.860929014034481952e+02
2.372120239609064593e+05 2.750090718887630601e+02
2.588333841853332997e+05 2.638987111553770433e+02
2.828983197871484444e+05 2.528106539274088504e+02
3.097025137505012681e+05 2.417926670827277178e+02
3.395761354665544350e+05 2.308906376947835497e+02
3.728875026878751232e+05 2.201478025575469530e+02
4.100472091006297851e+05 2.096040295605264987e+02
4.515128385580115137e+05 1.992951868129318314e+02
4.977944018048568396e+05 1.892526386696263501e+02
5.494601380637740949e+05 1.795030672948158781e+02
6.071429225996722234e+05 1.700684500563431527e+02
6.715466071017602226e+05 1.609663436894024642e+02
7.434498906507396605e+05 1.522107772516531838e+02
8.237044676885735244e+05 1.438137087948247199e+02
9.132200070742025273e+05 1.357872947166414690e+02
1.012922882085522520e+06 1.281471647186265557e+02
1.123667627815951593e+06 1.209167758649601154e+02
1.246072174116539303e+06 1.141325756800783893e+02
1.380245724752513925e+06 1.078491615457515991e+02
1.525393393894484732e+06 1.021429901500639659e+02
1.679330351040643873e+06 9.711276651189659503e+01
1.838030654364576563e+06 9.287479226176412794e+01
1.995451916682558833e+06 8.955252232617711172e+01
2.143935364882694092e+06 8.726127793650567810e+01
2.275353399672325235e+06 8.609096853513429437e+01
3.035160904089773539e+06 6.737232374525996192e+01
3.383079170604775660e+06 6.323769938912477073e+01
3.771644417232888751e+06 5.934085762253076979e+01
4.203596636025723070e+06 5.569715466444991137e+01
4.687918249494360760e+06 5.224052763104023001e+01
5.226600881225482561e+06 4.900841883441940894e+01
5.828347872599222697e+06 4.596313447372099859e+01
6.500958075054607354e+06 4.309255401917146600e+01
7.249019382830482908e+06 4.040982928352122627e+01
8.090683531892355531e+06 3.785416384357161235e+01
9.028595396056737751e+06 3.546218332095044445e+01
1.008109161917850748e+07 3.319758044425124410e+01
1.126509383725329489e+07 3.104853692832175227e+01
1.260162565456439741e+07 2.900243666394753106e+01
1.411761658038078807e+07 2.704541038042459178e+01
1.584866614361308888e+07 2.516197613875156236e+01
1.782296472244707122e+07 2.336258654322442041e+01
2.013221399917725474e+07 2.158665323566131988e+01
2.266135281756151095e+07 2.001346496432655542e+01
2.561606919038415328e+07 1.846754087381888354e+01
2.912832739526363090e+07 1.692867173926400071e+01
3.340070578098598868e+07 1.537374789423897248e+01
3.876949714331545681e+07 1.377248831947693475e+01
4.583949463990201801e+07 1.208410685933092132e+01
5.338823502043429017e+07 1.076463398085641643e+01
5.908519095573690534e+07 1.013231330093953098e+01
6.547845649649785459e+07 9.519757062868555053e+00
7.243977429776917398e+07 8.957885668578354554e+00
8.026589203314307332e+07 8.411379102296020704e+00
8.877672904007269442e+07 7.910975404262212685e+00
9.841287034547632933e+07 7.418070640440967978e+00
1.088114861241954267e+08 6.973147582246680187e+00
1.202302326231374294e+08 6.556678361611740335e+00
1.328648847987228483e+08 6.161013455729301924e+00
1.468764679025860131e+08 5.783792652897054687e+00
1.624576429098235965e+08 5.422804716488816013e+00
1.798228409752795994e+08 5.076592186602082890e+00
1.993084023912862241e+08 4.741421321345544726e+00
2.213582702586824596e+08 4.413639763545806893e+00
2.464973925462988019e+08 4.091114404817091099e+00
2.757188713803398609e+08 3.766490964611441505e+00
3.102735408763730526e+08 3.435684052838731350e+00
3.496885785030888319e+08 3.121582324559339039e+00
4.011657317421661615e+08 2.762371525638787961e+00
4.701599387388381362e+08 2.361862646171256852e+00
5.595916760328390598e+08 1.957974469856356592e+00
6.055424951544107199e+08 1.862602993759882253e+00
6.595930728123527765e+08 1.752135050231951263e+00
7.132309783700498343e+08 1.665358979193956035e+00
7.759566163296426535e+08 1.565597637936910536e+00
8.377389241560304165e+08 1.488613043906752864e+00
9.106872971725417376e+08 1.397379951565940193e+00
9.816536412618515491e+08 1.329098985788224718e+00
1.066868515689623475e+09 1.244271577636939519e+00
1.146492714516150475e+09 1.187031756185240150e+00
1.251140443907947779e+09 1.098748532357511243e+00
1.338507882455122709e+09 1.054402882237069683e+00
1.434973324884563446e+09 1.006794032902093239e+00
1.562825142690065145e+09 9.296401173398314288e-01
1.674284277011748791e+09 8.862427798610834628e-01
1.854542413797352791e+09 7.833233629941358522e-01
1.943756743314066887e+09 7.818249528187455333e-01
2.071339623968760014e+09 7.510385870200941838e-01
2.227907317832090855e+09 7.048649799399478999e-01
2.475353677265104294e+09 6.069039953807078280e-01
2.570853288147634983e+09 6.202796478450037787e-01
2.709069845924681187e+09 6.102271615274963423e-01
2.903506002286076546e+09 5.733476738160173669e-01
3.387360185827592850e+09 4.122973104708873571e-01
3.499104658045179844e+09 4.317614286929732925e-01
3.619499213776923180e+09 4.495032197704458832e-01
3.760737167408960342e+09 4.609480359742884059e-01
3.957327589397058964e+09 4.539378028235993012e-01
4.491189898330906868e+09 3.416106373060707746e-01
5.034622473759787560e+09 2.533174359752853322e-01
5.271654548895320892e+09 2.534907358693324619e-01
5.458985151078816414e+09 2.676408879776243088e-01
5.655063558855545044e+09 2.814767811580339285e-01
5.862844605834413528e+09 2.944340511637679736e-01
7.440006251324095726e+09 6.820619425646558265e-02
6.637407565062400818e+09 2.539204538896132068e-01
7.105999796030049324e+09 2.265446488843645689e-01
7.713256305435810089e+09 1.833436103266886941e-01
8.445349217461351395e+09 1.318036772367409959e-01
9.172371323168706894e+09 9.130756406663595448e-02
9.553604081576263428e+09 9.724000648377129075e-02
9.946802031285396576e+09 1.036350361705897227e-01
1.035236304386631012e+10 1.104769285561327946e-01
1.081288973376692200e+10 1.133900598337527071e-01
1.130408116016086006e+10 1.153057137076614752e-01
1.182267644625652695e+10 1.167435940150647888e-01
1.237255530140801430e+10 1.175062242625652398e-01
1.295859687144077873e+10 1.173557157050362787e-01
1.358693305570263290e+10 1.160099820084150302e-01
1.426528894678759575e+10 1.131380338664901702e-01
1.502501573307507706e+10 1.067632744595276573e-01
1.591952133796563911e+10 9.390535863342772127e-02
1.697505268268384743e+10 7.433247679380873552e-02
1.815840045156887817e+10 5.174952859826859042e-02
1.938645328026808929e+10 3.164821903531940539e-02
