1.768614798715980374e+00 1.308284887427189069e-01
2.309702114610048262e+00 1.632663139555629583e-01
3.001352472329436250e+00 2.026056809158928440e-01
3.879325630583342566e+00 2.499399369667024695e-01
4.984400760895424831e+00 3.068855462876842743e-01
6.366075107309966619e+00 3.746238620559022570e-01
8.080956589482756414e+00 4.547822419749320000e-01
1.019161444930673710e+01 5.496117730467854345e-01
1.276516273277904823e+01 6.620522234556770469e-01
1.586717323616731079e+01 7.962905542048885899e-01
1.955745944886120924e+01 9.578023221021523259e-01
2.389382783447199188e+01 1.152785084814920369e+00
2.893522399144453772e+01 1.388166959145580748e+00
3.476194763943434651e+01 1.670499870581074964e+00
4.154888615324911427e+01 2.001528040137989350e+00
4.973623749946142425e+01 2.368480135142359444e+00
6.033993261212192039e+01 2.729986209413470810e+00
7.541848133063369630e+01 3.009030794423075861e+00
9.873531403558941122e+01 3.113862685791803031e+00
1.367919745132849414e+02 2.989025505618089884e+00
2.010379777970356940e+02 2.646317255319775796e+00
3.152606714844902740e+02 2.123689744439927196e+00
5.442776504603256171e+02 1.430649370091053862e+00
1.062864061497092734e+03 6.721307050737465039e-01
1.732584871216325155e+03 3.780296267695903989e-01
3.021290158613861422e+03 6.161186748584253359e-02
4.299491893588099629e+03 2.181068532691013678e-03
5.788530929323213059e+03 2.280561856740282911e-07
7.776308587180895302e+03 2.280561856740282911e-07
1.044668776610191162e+04 2.280561856740282911e-07
1.403407337285040194e+04 2.280561856740282911e-07
1.885336480273122652e+04 2.280561856740282911e-07
2.532759769323272121e+04 2.280561856740282911e-07
3.402507783742224274e+04 2.280561856740282911e-07
4.570926685841871949e+04 2.280561856740282911e-07
6.140579859118478635e+04 2.280561856740282911e-07
8.249250884510003380e+04 2.280561856740282911e-07
1.108203813269161474e+05 2.280561856740282911e-07
1.488760263129349041e+05 2.280561856740282911e-07
1.999999543887732725e+05 2.280561856740282911e-07
