2.000000000000000000e+00 2.726081791771808871e-01
2.046680424383283903e+00 2.771638566380760227e-01
2.094450379776869653e+00 2.817898522675171269e-01
2.143335296065727036e+00 2.864870834160198609e-01
2.193361196673736746e+00 2.912573490417622590e-01
2.244554712417015541e+00 2.961020051813350040e-01
2.296943095680578750e+00 3.010216302095090612e-01
2.350554234925890551e+00 3.060143698447964633e-01
2.405416669537023378e+00 3.110885586928089919e-01
2.461559605013330376e+00 3.162364670341296091e-01
2.519012928516715988e+00 3.214657825784758560e-01
2.577807224781785589e+00 3.267732663357802436e-01
2.637973792397340311e+00 3.321665943084020078e-01
2.699544660467884771e+00 3.376384143147235783e-01
2.762552605664019278e+00 3.431886052800255382e-01
2.827031169670791044e+00 3.488221390818471712e-01
2.893014677043293403e+00 3.545306426936778443e-01
2.960538253479018334e+00 3.603235734675199753e-01
3.029637844516691825e+00 3.661951456553943496e-01
3.100350234671540139e+00 3.721468232272613363e-01
3.172713067017181032e+00 3.781840780695688853e-01
3.246764863224557374e+00 3.843041867772831188e-01
3.322545044068585973e+00 3.905119692949483579e-01
3.400093950413435095e+00 3.968053269016400542e-01
3.479452864687603064e+00 4.031833861573843047e-01
3.560664032860227923e+00 4.096561222178258799e-01
3.643770686930333458e+00 4.162175365460911158e-01
3.728817067940972674e+00 4.228663803355445783e-01
3.815848449530531372e+00 4.296158550145360300e-01
3.904911162033722238e+00 4.364556817641573327e-01
3.996052617145100516e+00 4.433859768202129681e-01
4.089321333158233429e+00 4.504237782861713058e-01
4.184766960793955271e+00 4.575542090946969065e-01
4.282440309631458497e+00 4.647811603019892379e-01
4.382393375156298454e+00 4.721146208745736761e-01
4.484679366439691783e+00 4.795457106932914937e-01
4.589352734463872707e+00 4.870797570270771204e-01
4.696469201108552483e+00 4.947244587095895874e-01
4.806085788813937221e+00 5.024802830659416131e-01
4.918260850936089668e+00 5.103426886296557052e-01
5.033054102810782915e+00 5.183203465881470740e-01
5.150526653542401689e+00 5.264097149844202406e-01
5.270741038534788814e+00 5.346200128512684779e-01
5.393761252781386517e+00 5.429468099164496131e-01
5.519652784932360667e+00 5.513870387613941659e-01
5.648482652156870287e+00 5.599479741598820670e-01
5.780319435819019525e+00 5.686249471459454696e-01
5.915233317986507977e+00 5.774211357991735349e-01
6.053296118791383407e+00 5.863354266012593685e-01
6.194581334662817795e+00 5.953710355693095924e-01
6.339164177452231819e+00 6.045263455292457788e-01
6.487121614471623054e+00 6.138053531417916320e-01
6.638532409466377793e+00 6.232090014703340897e-01
6.793477164544415636e+00 6.327401880140509638e-01
6.952038363083956618e+00 6.423935674324691147e-01
7.114300413642771659e+00 6.521866018220332517e-01
7.280349694892280787e+00 6.621098022017745111e-01
7.450274601600423097e+00 6.721710818069636106e-01
7.624165591687778409e+00 6.823684209486565733e-01
7.802115234381984621e+00 6.927069948285566880e-01
7.984218259496103087e+00 7.031826232609025285e-01
8.170571607857125329e+00 7.138082528665771198e-01
8.361274482911515094e+00 7.245710028302899675e-01
8.556428403535232263e+00 7.354767016194854179e-01
8.756137258076337915e+00 7.465335881880331703e-01
8.960507359658981485e+00 7.577357178291298512e-01
9.169647502778191850e+00 7.690827498270059737e-01
9.383669021215595762e+00 7.805876248827898767e-01
9.602685847306904776e+00 7.922422480824861113e-01
9.826814572592725838e+00 8.040514052019708258e-01
1.005617450988495776e+01 8.160205341683358649e-01
1.029088775678185463e+01 8.281487373914406813e-01
1.053107926066551414e+01 8.404430057013951849e-01
1.077687688521644738e+01 8.529001561557817412e-01
1.102841147848060110e+01 8.655220170381123790e-01
1.128581694252507894e+01 8.783121226519892133e-01
1.154923030471964296e+01 8.912710026509527150e-01
1.181879179068194219e+01 9.044052784402114575e-01
1.209464489892529571e+01 9.177117829929664072e-01
1.237693647724877266e+01 9.311964753685786356e-01
1.266581680091023010e+01 9.448603610864176883e-01
1.296143965262393927e+01 9.587053022525633406e-01
1.326396240442534413e+01 9.727383674689712434e-01
1.357354610144659368e+01 9.869622691052073460e-01
1.389035554764739189e+01 1.001364487588723762e+00
1.421455939354683373e+01 1.015965485282920078e+00
1.454633022600291525e+01 1.030758478812343615e+00
1.488584466008751939e+01 1.045754418900489480e+00
1.523328343310578425e+01 1.060946196642802875e+00
1.558883150080989743e+01 1.076344115506948418e+00
1.595267813585855343e+01 1.091947956309297529e+00
1.632501702857445736e+01 1.107761811625604276e+00
1.670604639005355452e+01 1.123788349703174205e+00
1.709596905768081854e+01 1.140029992715794638e+00
1.749499260310883386e+01 1.156495028504464839e+00
1.790332944275660410e+01 1.173179017661935220e+00
1.832119695088741551e+01 1.190092200642824727e+00
1.874881757532599025e+01 1.207240034309794208e+00
1.918641895587648705e+01 1.224615007336418149e+00
1.963423404550438534e+01 1.242232229753532202e+00
2.009250123434681612e+01 1.260091508614501254e+00
2.056146447661730647e+01 1.278193766218689520e+00
2.104137342047245696e+01 1.296550251576126689e+00
2.153248354090986538e+01 1.315160819037270556e+00
2.203505627576773662e+01 1.334029771765834038e+00
2.254935916489893444e+01 1.353166836108971260e+00
2.307566599259321549e+01 1.372569284911942633e+00
2.361425693332379439e+01 1.392250817213981584e+00
2.416541870089553257e+01 1.412207400278415959e+00
2.472944470107429993e+01 1.432451398874084347e+00
2.530663518777885912e+01 1.452985499147804394e+00
2.589729742291808634e+01 1.473805968059741511e+00
2.650174583995906374e+01 1.494940097921221955e+00
2.712030221131266572e+01 1.516378661326505339e+00
2.775329581962617098e+01 1.538124991902348304e+00
2.840106363307364745e+01 1.560194801437367218e+00
2.906395048473792286e+01 1.582589044491188757e+00
2.974230925617907673e+01 1.605315539417603965e+00
3.043650106528772525e+01 1.628381665718903415e+00
3.114689545852268537e+01 1.651795806267607691e+00
3.187387060763548874e+01 1.675558471560572693e+00
3.261781351098665027e+01 1.699684786205824638e+00
3.337912019956048226e+01 1.724175199134662106e+00
3.415819594778855617e+01 1.749042097992464573e+00
3.495545548929361956e+01 1.774293234050427159e+00
3.577132323766923605e+01 1.799932718435645063e+00
3.660623351241223844e+01 1.825973478665862126e+00
3.746063077012875198e+01 1.852419093338301570e+00
3.833496984113629935e+01 1.879280055312728015e+00
3.922971617158860624e+01 1.906565903628529846e+00
4.014534607125138876e+01 1.934281330332987103e+00
4.108234696706128375e+01 1.962442600116588221e+00
4.204121766260316662e+01 1.991046799937495670e+00
4.302246860364332548e+01 2.020112140353408581e+00
4.402662214986062850e+01 2.049648256952205205e+00
4.505421285291960487e+01 2.079658329085733559e+00
4.610578774103417032e+01 2.110154199615184911e+00
4.718190661017270315e+01 2.141149965444846259e+00
4.828314232206037815e+01 2.172645544779451487e+00
4.941008110913650597e+01 2.204658497447151255e+00
5.056332288662998309e+01 2.237195428499690220e+00
5.174348157191845132e+01 2.270268926213945715e+00
5.295118541134133494e+01 2.303885095235366443e+00
5.418707731464103006e+01 2.338054305690752344e+00
5.545181519720964758e+01 2.372791130716016994e+00
5.674607233032426024e+01 2.408098839313221884e+00
5.807053769955627587e+01 2.443993070448368332e+00
5.942591637154668405e+01 2.480483162226775562e+00
6.081292986934133893e+01 2.517575334355773631e+00
6.223231655648722693e+01 2.555281343009978112e+00
6.368483203009306237e+01 2.593616927504153402e+00
6.517124952306448904e+01 2.632585980475674603e+00
6.669236031572728507e+01 2.672198671899460809e+00
6.824897415705778769e+01 2.712471570803932419e+00
6.984191969574543180e+01 2.753407908375240964e+00
7.147204492131572806e+01 2.795022302176881634e+00
7.314021761554982959e+01 2.837320641835169965e+00
7.484732581443961408e+01 2.880314546870502479e+00
7.659427828092562152e+01 2.924015466755779169e+00
7.838200498866808630e+01 2.968433220709717268e+00
8.021145761710991451e+01 3.013576137753815498e+00
8.208361005809418032e+01 3.059453466677769296e+00
8.399945893430607669e+01 3.106074984740260891e+00
8.596002412981592045e+01 3.153447911276034965e+00
8.796634933300447301e+01 3.201584453355446946e+00
9.001950259216093286e+01 3.250488562052662900e+00
9.212057688404800615e+01 3.300171979359086460e+00
9.427069069573819604e+01 3.350639384132998000e+00
9.647098862002934538e+01 3.401903488409521170e+00
9.872264196475833842e+01 3.453958913261666375e+00
1.010268493763352780e+02 3.506826046748610981e+00
1.033848374778319652e+02 3.560498580463752116e+00
1.057978615219630143e+02 3.614990565713311454e+00
1.082672060593075685e+02 3.670300075795149386e+00
1.107941856221280688e+02 3.726430842650924280e+00
1.133801454241486795e+02 3.783387394568220596e+00
1.160264620766675705e+02 3.841166953275686691e+00
1.187345443213824581e+02 3.899775993718526124e+00
1.215058337803214812e+02 3.959208848736547548e+00
1.243418057232765364e+02 4.019463469517972953e+00
1.272439698531497783e+02 4.080539602688425305e+00
1.302138711096291672e+02 4.142427594063750718e+00
1.332530904916229986e+02 4.205125077630101238e+00
1.363632458988895735e+02 4.268621346276360917e+00
1.395459929933106764e+02 4.332906302673330323e+00
1.428030260802679834e+02 4.397970868152918378e+00
1.461360790105899810e+02 4.463799249623353838e+00
1.495469261035517547e+02 4.530377649356245762e+00
1.530373830914164444e+02 4.597685116532382210e+00
1.566093080860237308e+02 4.665701127200551745e+00
1.602646025679377431e+02 4.734403541787483682e+00
1.640052123986826018e+02 4.803767886823998801e+00
1.678331288566031390e+02 4.873765107190731527e+00
1.717503896969034258e+02 4.944365653258780746e+00
1.757590802364263993e+02 5.015531858440133384e+00
1.798613344637523710e+02 5.087229778704601024e+00
1.840593361752083013e+02 5.159414383043888996e+00
1.883553201373903789e+02 5.232048949512839719e+00
1.927515732768217731e+02 5.305087148869361613e+00
1.972504358973755814e+02 5.378463268874886793e+00
2.018543029261141726e+02 5.452138069835275047e+00
2.065656251882057006e+02 5.526041664080061366e+00
2.113869107115976647e+02 5.600127324244483340e+00
2.163207260621418868e+02 5.674313911438241043e+00
2.213696977098823879e+02 5.748536885321954948e+00
2.265365134272307444e+02 5.822714910341911576e+00
2.318239237197771558e+02 5.896787604912961278e+00
2.372347432904956008e+02 5.970654900232414519e+00
2.427718525381255290e+02 6.044233029576389526e+00
2.484381990905234829e+02 6.117429444071826872e+00
2.542367993738057805e+02 6.190165751433993613e+00
2.601707402181141333e+02 6.262321188968638985e+00
2.662431805008615129e+02 6.333802962149574611e+00
2.724573528283293626e+02 6.404499729380611406e+00
2.788165652565154460e+02 6.474301990959944852e+00
2.853242030521473680e+02 6.543092204595019723e+00
2.919837304947957364e+02 6.610757535643660532e+00
2.987986927210515660e+02 6.677171097109569686e+00
3.057727176117459180e+02 6.742197944385423192e+00
3.129095177232191531e+02 6.805737287063992724e+00
3.202128922636635480e+02 6.867628930025828637e+00
3.276867291155969610e+02 6.927758649878521524e+00
3.353350069055398421e+02 6.985985075606274464e+00
3.431617971220009622e+02 7.042170316385259810e+00
3.511712662828937823e+02 7.096173559349355564e+00
3.593676781535438636e+02 7.147855038769503899e+00
3.677553960164653972e+02 7.197084694798095761e+00
3.763388849941111403e+02 7.243716504813491497e+00
3.851227144258397175e+02 7.287611574240958845e+00
3.941115603003596561e+02 7.328632216034510094e+00
4.033102077449493095e+02 7.366645747002645628e+00
4.127235535727717206e+02 7.401518534065018251e+00
4.223566088896488964e+02 7.433114596468358037e+00
4.322145017616753080e+02 7.461310326701282136e+00
4.423024799450977298e+02 7.485988342748432167e+00
4.526259136799059206e+02 7.507019213567438065e+00
4.631902985486304374e+02 7.524294108810768655e+00
4.740012584018655843e+02 7.537711363193228209e+00
4.850645483520705739e+02 7.547159143243719726e+00
4.963860578372510304e+02 7.552545176974391872e+00
5.079718137561447975e+02 7.553777192152161035e+00
5.198279836765865412e+02 7.550780002409069880e+00
5.319608791187516772e+02 7.543489575810207626e+00
5.443769589150359707e+02 7.531813739509702899e+00
5.570828326483532464e+02 7.515712064447058083e+00
5.700852641706869690e+02 7.495118618031615831e+00
5.833911752037591896e+02 7.470003363217544212e+00
5.970076490237458984e+02 7.440324498663914099e+00
6.109419342319936277e+02 7.406041508454611844e+00
6.252014486137406948e+02 7.367133181703120037e+00
6.397937830869075242e+02 7.323599230773051083e+00
6.547267057430489103e+02 7.275409608390441818e+00
6.700081659826265650e+02 7.222600603555813237e+00
6.856462987467941730e+02 7.165123434166172700e+00
7.016494288479584611e+02 7.103009117341557932e+00
7.180260754014136637e+02 7.036342297614517349e+00
7.347849563604148670e+02 6.965069311588446332e+00
7.519349931570934586e+02 6.889239538523337814e+00
7.694853154517003304e+02 6.808882245159745494e+00
7.874452659926959086e+02 6.724106176988158268e+00
8.058244055902695209e+02 6.634874126620983859e+00
8.246325182059504186e+02 6.541325877820166390e+00
8.438796161610048330e+02 6.443498095354237343e+00
8.635759454664042778e+02 6.341455461508720859e+00
8.837319912771882855e+02 6.235315146744626169e+00
9.043584834741403711e+02 6.125178349005094169e+00
9.254664023757377436e+02 6.011135650334460401e+00
9.470669845834232774e+02 5.893332178223409379e+00
9.691717289632991879e+02 5.771890819070064182e+00
9.917924027674423542e+02 5.646955978245395080e+00
1.014941047898093188e+03 5.518660946916203791e+00
1.038629987318042367e+03 5.387207858551645856e+00
1.062871831610648314e+03 5.252801157917043717e+00
1.087679485692959133e+03 5.115574326667288396e+00
1.113066155685529111e+03 4.975761330895641876e+00
1.139045355942565038e+03 4.833575133288708692e+00
1.165630916246169136e+03 4.689245956255414072e+00
1.192836989168491982e+03 4.542999212144740007e+00
1.220678057605724234e+03 4.395045522450679698e+00
1.249168942487923687e+03 4.245622510780669323e+00
1.278324810668799728e+03 4.094957845673885544e+00
1.308161182999650464e+03 3.943299551269205949e+00
1.338693942591732139e+03 3.790872398440376490e+00
1.369939343271489406e+03 3.637854454418752770e+00
1.401914018233123670e+03 3.484521656733087447e+00
1.434634988893122454e+03 3.331104428232186443e+00
1.468119673951442337e+03 3.177714478179495039e+00
1.502385898664193746e+03 3.024658504010591997e+00
1.537451904332745698e+03 2.872178818698908564e+00
1.573336358014316374e+03 2.720372860176330398e+00
1.610058362459196132e+03 2.569643274671735700e+00
1.647637466279920318e+03 2.420196104890904643e+00
1.686093674357793361e+03 2.272383072599071685e+00
1.725447458492290025e+03 2.126580305283992001e+00
1.765719768299029965e+03 1.983216775250891128e+00
1.806932042362104994e+03 1.842718386270661313e+00
1.849106219646714180e+03 1.705644835646715762e+00
1.892264751178153801e+03 1.572470320955598577e+00
1.936430611993417187e+03 1.443743005328804951e+00
1.981627313371733180e+03 1.319903799754294393e+00
2.027878915350583384e+03 1.201493625925952990e+00
2.075210039533823419e+03 1.088879692324433934e+00
2.123645882198767140e+03 9.823213597035189704e-01
2.173212227709193485e+03 8.821788212614037894e-01
2.223935462241398000e+03 7.885047109724948600e-01
2.275842587830630237e+03 7.014026212480876099e-01
2.328961236745371025e+03 6.208157547024355516e-01
2.383319686197117335e+03 5.468072311203181490e-01
2.438946873393476380e+03 4.790919571705083979e-01
2.495872410942622992e+03 4.176498403817490712e-01
2.554126602617286608e+03 3.620918387187428422e-01
2.613740459486692544e+03 3.121940157863379861e-01
2.674745716424992679e+03 2.675987848343259201e-01
2.737174849005035412e+03 2.280782121187634182e-01
2.801061090786439308e+03 1.932679709581638372e-01
2.866438451007147705e+03 1.627209149178542591e-01
2.933341732687937110e+03 1.360603012330715567e-01
3.001806551159470018e+03 1.129981325062661829e-01
3.071869353021793813e+03 9.314424195315097743e-02
3.143567435546325669e+03 7.620048386091060610e-02
3.216938966530710331e+03 6.184283290705958752e-02
3.292023004617099559e+03 4.980520972992838469e-02
3.368859520084630276e+03 3.981966368719020571e-02
3.447489416127239565e+03 3.161663438461233266e-02
3.527954550628086963e+03 2.491490596792151832e-02
3.610297758442216491e+03 1.947005747414617266e-02
3.694562874199268208e+03 1.505925301442740186e-02
3.780794755638442894e+03 1.150372232346213129e-02
3.869039307488088525e+03 8.657514942547482606e-03
3.959343505902665129e+03 6.409809725136782904e-03
4.051755423470034202e+03 4.686932278596895110e-03
4.146324254802458199e+03 3.466283232426792781e-03
4.243100342724900656e+03 3.302536664331452276e-03
4.342135205074529949e+03 2.235620592357090257e-03
4.443481562125769415e+03 1.402388872002903984e-03
4.547193364655430742e+03 7.243720412579509769e-04
4.653325822662915925e+03 2.280561856740282911e-07
4.761935434760716817e+03 2.280561856740282911e-07
4.873080018250931971e+03 2.280561856740282911e-07
4.986818739903756068e+03 2.280561856740282911e-07
5.103212147454367368e+03 2.280561856740282911e-07
5.222322201834918815e+03 2.280561856740282911e-07
5.344212310158864966e+03 2.280561856740282911e-07
5.468947359475159828e+03 2.280561856740282911e-07
5.596593751310231710e+03 2.280561856740282911e-07
5.727219437016231495e+03 2.280561856740282911e-07
5.860893953944282657e+03 2.280561856740282911e-07
5.997688462462055213e+03 2.280561856740282911e-07
6.137675783835284165e+03 2.280561856740282911e-07
6.280930438993504140e+03 2.280561856740282911e-07
6.427528688200551187e+03 2.280561856740282911e-07
6.577548571651020211e+03 2.280561856740282911e-07
6.731069951014188518e+03 2.280561856740282911e-07
6.888174551947639884e+03 2.280561856740282911e-07
7.048946007603168255e+03 2.280561856740282911e-07
7.213469903148055892e+03 2.280561856740282911e-07
7.381833821325556528e+03 2.280561856740282911e-07
7.554127389078728811e+03 2.280561856740282911e-07
7.730442325262523809e+03 2.280561856740282911e-07
7.910872489469403263e+03 2.280561856740282911e-07
8.095513931994644736e+03 2.280561856740282911e-07
8.284464944967787233e+03 2.280561856740282911e-07
8.477826114677556689e+03 2.280561856740282911e-07
8.675700375117978183e+03 2.280561856740282911e-07
8.878193062784332142e+03 2.280561856740282911e-07
9.085411972748086555e+03 2.280561856740282911e-07
9.297467416040513854e+03 2.280561856740282911e-07
9.514472278375778842e+03 2.280561856740282911e-07
9.736542080244556928e+03 2.280561856740282911e-07
9.963795038410320558e+03 2.280561856740282911e-07
1.019635212884085013e+04 2.280561856740282911e-07
1.043433715110869889e+04 2.280561856740282911e-07
1.067787679429469972e+04 2.280561856740282911e-07
1.092710070442975120e+04 2.280561856740282911e-07
1.118214155351058616e+04 2.280561856740282911e-07
1.144313511012649178e+04 2.280561856740282911e-07
1.171022031173447613e+04 2.280561856740282911e-07
1.198353933862123813e+04 2.280561856740282911e-07
1.226323768959154950e+04 2.280561856740282911e-07
1.254946425942315000e+04 2.280561856740282911e-07
1.284237141812951631e+04 2.280561856740282911e-07
1.314211509207254130e+04 2.280561856740282911e-07
1.344885484696849926e+04 2.280561856740282911e-07
1.376275397283132588e+04 2.280561856740282911e-07
1.408397957089857664e+04 2.280561856740282911e-07
1.441270264258610405e+04 2.280561856740282911e-07
1.474909818051909315e+04 2.280561856740282911e-07
1.509334526168777302e+04 2.280561856740282911e-07
1.544562714277728446e+04 2.280561856740282911e-07
1.580613135772269561e+04 2.280561856740282911e-07
1.617504981754089749e+04 2.280561856740282911e-07
1.655257891249268869e+04 2.280561856740282911e-07
1.693891961662916947e+04 2.280561856740282911e-07
1.733427759477846485e+04 2.280561856740282911e-07
1.773886331202940710e+04 2.280561856740282911e-07
1.815289214577071471e+04 2.280561856740282911e-07
1.857658450034499765e+04 2.280561856740282911e-07
1.901016592437900545e+04 2.280561856740282911e-07
1.945386723085233825e+04 2.280561856740282911e-07
1.990792461996846760e+04 2.280561856740282911e-07
2.037257980489372858e+04 2.280561856740282911e-07
2.084808014043111689e+04 2.280561856740282911e-07
2.133467875469714272e+04 2.280561856740282911e-07
2.183263468387229659e+04 2.280561856740282911e-07
2.234221301009648232e+04 2.280561856740282911e-07
2.286368500258300628e+04 2.280561856740282911e-07
2.339732826202611614e+04 2.280561856740282911e-07
2.394342686837931251e+04 2.280561856740282911e-07
2.450227153208235541e+04 2.280561856740282911e-07
2.507415974881839429e+04 2.280561856740282911e-07
2.565939595788294901e+04 2.280561856740282911e-07
2.625829170424930635e+04 2.280561856740282911e-07
2.687116580441652695e+04 2.280561856740282911e-07
2.749834451612841076e+04 2.280561856740282911e-07
2.814016171205367209e+04 2.280561856740282911e-07
2.879695905752013277e+04 2.280561856740282911e-07
2.946908619239668769e+04 2.280561856740282911e-07
3.015690091722102079e+04 2.280561856740282911e-07
3.086076938367128969e+04 2.280561856740282911e-07
3.158106628948351499e+04 2.280561856740282911e-07
3.231817507791838216e+04 2.280561856740282911e-07
3.307248814188357210e+04 2.280561856740282911e-07
3.384440703282070899e+04 2.280561856740282911e-07
3.463434267446705780e+04 2.280561856740282911e-07
3.544271558160716813e+04 2.280561856740282911e-07
3.626995608392990835e+04 2.280561856740282911e-07
3.711650455511037580e+04 2.280561856740282911e-07
3.798281164723871188e+04 2.280561856740282911e-07
3.886933853072036436e+04 2.280561856740282911e-07
3.977655713977615233e+04 2.280561856740282911e-07
4.070495042367151473e+04 2.280561856740282911e-07
4.165501260381028987e+04 2.280561856740282911e-07
4.262724943682875164e+04 2.280561856740282911e-07
4.362217848383040109e+04 2.280561856740282911e-07
4.464032938590468984e+04 2.280561856740282911e-07
4.568224414607651124e+04 2.280561856740282911e-07
4.674847741783624951e+04 2.280561856740282911e-07
4.783959680040474632e+04 2.280561856740282911e-07
4.895618314088880288e+04 2.280561856740282911e-07
5.009883084349004639e+04 2.280561856740282911e-07
5.126814818593030213e+04 2.280561856740282911e-07
5.246475764326247008e+04 2.280561856740282911e-07
5.368929621923930245e+04 2.280561856740282911e-07
5.494241578541617491e+04 2.280561856740282911e-07
5.622478342816922668e+04 2.280561856740282911e-07
5.753708180381183047e+04 2.280561856740282911e-07
5.888000950200067746e+04 2.280561856740282911e-07
6.025428141762328596e+04 2.280561856740282911e-07
6.166062913136553834e+04 2.280561856740282911e-07
6.309980129916177248e+04 2.280561856740282911e-07
6.457256405073453789e+04 2.280561856740282911e-07
6.607970139743709296e+04 2.280561856740282911e-07
6.762201564961363329e+04 2.280561856740282911e-07
6.920032784370217996e+04 2.280561856740282911e-07
7.081547817930539895e+04 2.280561856740282911e-07
7.246832646646299690e+04 2.280561856740282911e-07
7.415975258336344268e+04 2.280561856740282911e-07
7.589065694473884651e+04 2.280561856740282911e-07
7.766196098119202361e+04 2.280561856740282911e-07
7.947460762971208896e+04 2.280561856740282911e-07
8.132956183563708328e+04 2.280561856740282911e-07
8.322781106633413583e+04 2.280561856740282911e-07
8.517036583686829545e+04 2.280561856740282911e-07
8.715826024794059049e+04 2.280561856740282911e-07
8.919255253638191789e+04 2.280561856740282911e-07
9.127432563849508006e+04 2.280561856740282911e-07
9.340468776654661633e+04 2.280561856740282911e-07
9.558477299871189462e+04 2.280561856740282911e-07
9.781574188279180089e+04 2.280561856740282911e-07
1.000987820540190733e+05 2.280561856740282911e-07
1.024351088672848273e+05 2.280561856740282911e-07
1.048259660441212327e+05 2.280561856740282911e-07
1.072726263347846834e+05 2.280561856740282911e-07
1.097763921957933198e+05 2.280561856740282911e-07
1.123385964832760801e+05 2.280561856740282911e-07
1.149606031625070173e+05 2.280561856740282911e-07
1.176438080339991138e+05 2.280561856740282911e-07
1.203896394765454897e+05 2.280561856740282911e-07
1.231995592076033790e+05 2.280561856740282911e-07
1.260750630614256370e+05 2.280561856740282911e-07
1.290176817853537214e+05 2.280561856740282911e-07
1.320289818546976603e+05 2.280561856740282911e-07
1.351105663066327979e+05 2.280561856740282911e-07
1.382640755935625639e+05 2.280561856740282911e-07
1.414911884563975618e+05 2.280561856740282911e-07
1.447936228182175255e+05 2.280561856740282911e-07
1.481731366987913498e+05 2.280561856740282911e-07
1.516315291504420456e+05 2.280561856740282911e-07
1.551706412157565646e+05 2.280561856740282911e-07
1.587923569076455024e+05 2.280561856740282911e-07
1.624986042122809449e+05 2.280561856740282911e-07
1.662913561154412746e+05 2.280561856740282911e-07
1.701726316528116295e+05 2.280561856740282911e-07
1.741444969847984321e+05 2.280561856740282911e-07
1.782090664964300813e+05 2.280561856740282911e-07
1.823685039229312388e+05 2.280561856740282911e-07
1.866250235015648068e+05 2.280561856740282911e-07
1.909808911503615673e+05 2.280561856740282911e-07
1.954384256743599253e+05 2.280561856740282911e-07
2.000000000000000000e+05 2.280561856740282911e-07
