1.867442696738618846e+00 7.098333110455530559e-02
2.466617514956216617e+00 8.926440719184312866e-02
3.246349219494252480e+00 1.118469670421516626e-01
4.256372083464212253e+00 1.392152610441361182e-01
5.553820906006092351e+00 1.728936567391034518e-01
7.211642398209759719e+00 2.134487911270716576e-01
9.315831698126006089e+00 2.619412335363135447e-01
1.196542520615770577e+01 3.198900552963178101e-01
1.527910625147867130e+01 3.885869208309027378e-01
1.939014572472547115e+01 4.699246622842742638e-01
2.444704212691838308e+01 5.662279029346797277e-01
3.060565588133290760e+01 6.806787732511974109e-01
3.801408940311117135e+01 8.178035296089154471e-01
4.680275280874381139e+01 9.834683026360894198e-01
5.711870900324563394e+01 1.183350236756784746e+00
6.927362251024908346e+01 1.418460619536264566e+00
8.409686016910268336e+01 1.676284418557197675e+00
1.035866355841416606e+02 1.918861225853160324e+00
1.318941810346549914e+02 2.079616712387204025e+00
1.764617292479240973e+02 2.092266394662300577e+00
2.493641214574661547e+02 1.939670082173231114e+00
3.723869708139411046e+02 1.644497803424437299e+00
6.015406424086554580e+02 1.199266408581728172e+00
1.089088776927214440e+03 6.318666303430797715e-01
1.746637164470595962e+03 3.669429072022159510e-01
3.022050987342858662e+03 6.134459707537932849e-02
4.299492336688106661e+03 2.180965249232426784e-03
5.788530929323213059e+03 2.280561856740282911e-07
7.776308587180895302e+03 2.280561856740282911e-07
1.044668776610191162e+04 2.280561856740282911e-07
1.403407337285040194e+04 2.280561856740282911e-07
1.885336480273122652e+04 2.280561856740282911e-07
2.532759769323272121e+04 2.280561856740282911e-07
3.402507783742224274e+04 2.280561856740282911e-07
4.570926685841871949e+04 2.280561856740282911e-07
6.140579859118478635e+04 2.280561856740282911e-07
8.249250884510003380e+04 2.280561856740282911e-07
1.108203813269161474e+05 2.280561856740282911e-07
1.488760263129349041e+05 2.280561856740282911e-07
1.999999543887732725e+05 2.280561856740282911e-07
