7.112401962764373087e-01 1.811989550746174293e+00
7.217616738130947507e-01 1.835673462086996555e+00
7.320630762790559798e-01 1.861024476774025604e+00
7.421441180000780680e-01 1.888031103502596952e+00
7.519756382561760821e-01 1.916798211389027617e+00
7.615925349686101242e-01 1.947185810466914857e+00
7.710163580479078016e-01 1.979110717567753586e+00
7.803047662524928985e-01 2.012354065469455833e+00
7.895055812400264550e-01 2.046738017683152666e+00
7.986800723102590593e-01 2.082034584753106543e+00
8.080909081860291332e-01 2.117239537035873642e+00
8.172197112372060479e-01 2.154362516390101678e+00
8.267108351344560901e-01 2.190926839574203644e+00
8.364268573812141394e-01 2.227472476099038978e+00
8.464051583246207100e-01 2.263865512271016733e+00
8.566776431015156179e-01 2.299994102140693109e+00
8.672283411554514432e-01 2.335931887545079633e+00
8.780323050605836066e-01 2.371787389160747495e+00
8.890361230927792402e-01 2.407778115896108240e+00
9.003411825591758344e-01 2.443528181015719003e+00
9.113763541389138245e-01 2.481232591353351946e+00
9.226200189914521843e-01 2.519070469307297611e+00
9.338884455096895243e-01 2.557753669663656915e+00
9.452502772140028986e-01 2.597030365793439710e+00
9.565347467153997307e-01 2.637560346485618989e+00
9.679211134025721419e-01 2.678671725987340047e+00
9.793685569547559977e-01 2.720530602146608690e+00
9.908624297828261263e-01 2.763203605124318063e+00
1.002384090779840031e+00 2.806772757697957754e+00
1.013913009888580463e+00 2.851327603008896983e+00
1.025428227480618570e+00 2.896959835953637263e+00
1.036914743327076893e+00 2.943739212384143933e+00
1.048363455189896820e+00 2.991713885177293974e+00
1.059772459490992524e+00 3.040905452183868096e+00
1.071156370303408600e+00 3.091273222708811108e+00
1.082549542046946423e+00 3.142701273476873780e+00
1.093989082934182067e+00 3.195062643728395102e+00
1.105516660602062107e+00 3.248212051866196770e+00
1.117162853343060869e+00 3.302045824771147942e+00
1.128973776934357742e+00 3.356399547464469890e+00
1.141099874883016341e+00 3.410704280663218402e+00
1.153218984304988259e+00 3.466217365166317954e+00
1.165685217898410730e+00 3.521581776628596394e+00
1.178420088144601197e+00 3.577112446609557406e+00
1.191546191138441735e+00 3.632344785273247112e+00
1.204642703692527350e+00 3.688927791487779384e+00
1.218061228238903615e+00 3.745508108961251637e+00
1.231742208646396941e+00 3.802330614688407273e+00
1.245202488474590030e+00 3.861294588486448021e+00
1.258883541072299828e+00 3.920694514272828002e+00
1.272247904512150640e+00 3.982648550624269923e+00
1.285739239261965539e+00 4.045441109968249016e+00
1.298871374239340293e+00 4.111000628029168880e+00
1.312099117749119692e+00 4.177564006138874575e+00
1.325213367094941974e+00 4.245976637199052384e+00
1.338387964619289772e+00 4.315574109833291594e+00
1.351642564255998824e+00 4.386298040192077252e+00
1.365080666707574997e+00 4.457754097103777013e+00
1.378457862992129357e+00 4.530938446778848494e+00
1.392088538520558139e+00 4.604611358034512492e+00
1.405893935298794029e+00 4.679104275956080805e+00
1.419882550410278110e+00 4.754399619529249499e+00
1.434054591066850737e+00 4.830513381426594144e+00
1.448397813754272789e+00 4.907512647617727986e+00
1.462887932903005561e+00 4.985514721350086553e+00
1.477490683552100892e+00 5.064679432100802181e+00
1.492159378775092637e+00 5.145219896218804934e+00
1.506938724147937059e+00 5.226974508549688814e+00
1.521535550264476067e+00 5.311180731621911733e+00
1.536190005720326379e+00 5.396874433501400503e+00
1.550937127391227133e+00 5.483934346713376762e+00
1.565564287177215075e+00 5.573277022904503220e+00
1.580375034988938499e+00 5.663658326353671058e+00
1.595231351789033525e+00 5.755682724722219312e+00
1.610345292451261567e+00 5.848476243062874502e+00
1.625447125914523117e+00 5.943207664275979241e+00
1.640797236938865034e+00 6.038791902323247918e+00
1.656345596551961119e+00 6.135462439291228698e+00
1.671946794355536836e+00 6.233869486610821298e+00
1.687592308845428990e+00 6.334079689967589744e+00
1.703290027087480230e+00 6.436089332694554521e+00
1.719033534544775810e+00 6.539957419188049847e+00
1.734800129056095042e+00 6.645815896752479190e+00
1.750612343703113138e+00 6.753598990816058745e+00
1.766583368942818755e+00 6.862836134339833194e+00
1.782752002528197321e+00 6.973380129927525317e+00
1.798911285687646799e+00 7.086185428784209428e+00
1.815328595509943410e+00 7.200082727119682779e+00
1.831717931349680084e+00 7.316391499143820809e+00
1.848297198691025045e+00 7.434158484820514445e+00
1.864938427968906742e+00 7.553997224043754066e+00
1.881625565175957693e+00 7.676017870243937224e+00
1.898409050381088203e+00 7.800024624145132535e+00
1.915310830458672564e+00 7.925950183024197848e+00
1.932334750946332669e+00 8.053810471783378944e+00
1.949432056638619626e+00 8.183869415601527919e+00
1.966652328000561001e+00 8.315930777410997621e+00
1.984053015021433053e+00 8.449756348936801942e+00
2.001445089124415766e+00 8.586282961312761586e+00
2.019016809084041686e+00 8.724651106006273693e+00
2.036690337003720153e+00 8.865270566317866141e+00
2.054456180523361208e+00 9.008227321441038882e+00
2.072343628032413232e+00 9.153419122122226526e+00
2.090348781043391835e+00 9.300904679726215818e+00
2.108440103298025114e+00 9.450880839014809354e+00
2.126658776419620533e+00 9.603186282127669671e+00
2.145025574853619776e+00 9.757757978791435249e+00
2.163476110218793380e+00 9.914960799329405106e+00
2.182061500514536956e+00 1.007458185536807882e+01
2.200772401871855521e+00 1.023671156546710570e+01
2.219600283903613303e+00 1.040143807481951477e+01
2.238551833660423096e+00 1.056877273668998996e+01
2.257633981909335841e+00 1.073872560934164078e+01
2.276844408116369678e+00 1.091135508190006398e+01
2.296180615966638694e+00 1.108672158742298208e+01
2.315650659961256519e+00 1.126483084177681171e+01
2.335254634213619784e+00 1.144573078195603344e+01
2.354980969794087553e+00 1.162953273833871037e+01
2.374838523864477580e+00 1.181624024515134330e+01
2.394842585959908732e+00 1.200582161062510345e+01
2.414983435197859407e+00 1.219838063610737144e+01
2.435280398665510049e+00 1.239386360965276346e+01
2.455709864715223123e+00 1.259245270753159573e+01
2.476264007630972763e+00 1.279424643031802589e+01
2.496980451666493295e+00 1.299909056795547890e+01
2.517844438554244224e+00 1.320712204849687410e+01
2.538872092922292101e+00 1.341830552017992240e+01
2.560033310463290857e+00 1.363286849316405025e+01
2.581349190913225122e+00 1.385074935854541422e+01
2.602807591050891212e+00 1.407207690129314948e+01
2.624459872842870301e+00 1.429661264272450261e+01
2.646237593143454969e+00 1.452481420168312631e+01
2.668192563004614382e+00 1.475644061283985486e+01
2.690305542892351909e+00 1.499166634336626380e+01
2.712568387110908308e+00 1.523060357079230442e+01
2.735012556631560621e+00 1.547312833854347325e+01
2.757627434684879919e+00 1.571936794692600614e+01
2.780408400879412767e+00 1.596941593013802851e+01
2.803351773405495351e+00 1.622336196980598544e+01
2.826478091522495628e+00 1.648114774260342230e+01
2.849779146107562333e+00 1.674289174502981581e+01
2.873250079340371688e+00 1.700869403744956898e+01
2.896906292137664707e+00 1.727852891032521754e+01
2.920732909346731798e+00 1.755256163315557316e+01
2.944744063870068373e+00 1.783077578033496735e+01
2.968936597065829019e+00 1.811326512880263095e+01
2.993313946346620291e+00 1.840008256415340071e+01
3.017874363116928915e+00 1.869131554905759884e+01
3.042638551243676215e+00 1.898690572183938841e+01
3.067566684067585925e+00 1.928719273804582102e+01
3.092668610781288852e+00 1.959219400619991092e+01
3.117997069240144192e+00 1.990163912147188796e+01
3.143477976161088261e+00 2.021610547982080774e+01
3.169166594171724860e+00 2.053530656374186236e+01
3.195025417543090107e+00 2.085958187132434460e+01
3.221068514133486271e+00 2.118892414355946485e+01
3.247291650562913912e+00 2.152345199818164190e+01
3.273695022639180774e+00 2.186325552528083449e+01
3.300288342148226750e+00 2.220835949475517879e+01
3.327061204422885332e+00 2.255893089206463387e+01
3.354022572424285364e+00 2.291500232484515465e+01
3.381175901879923007e+00 2.327664588892164943e+01
3.408514781670270555e+00 2.364400605977243686e+01
3.436037354772363273e+00 2.401719721132390006e+01
3.463743230699305897e+00 2.439632515290247738e+01
3.491630063188754463e+00 2.478151206257802031e+01
3.519691246228123571e+00 2.517291416761882417e+01
3.547920015474542499e+00 2.557069220404318344e+01
3.576314826551059145e+00 2.597497096838770858e+01
3.604872384320080503e+00 2.638589093865483548e+01
3.633590558804050019e+00 2.680358649148047689e+01
3.662457811014631304e+00 2.722826713987203107e+01
3.691471120744353573e+00 2.766008105208467072e+01
3.720627928236816651e+00 2.809917577020789281e+01
3.749921760301472062e+00 2.854573260569064530e+01
3.779341624230961205e+00 2.899997266646140304e+01
3.808882356601682062e+00 2.946207554180995558e+01
3.838541318385809031e+00 2.993220431226540512e+01
3.868307055658543714e+00 3.041059694384478718e+01
3.898169164046784374e+00 3.089748840817217967e+01
3.928123445326858310e+00 3.139306799396214487e+01
3.958162095476674747e+00 3.189755901064171084e+01
3.988270272792821203e+00 3.241124883151696423e+01
4.018441322409384675e+00 3.293436284323510677e+01
4.048669535114754581e+00 3.346712352860762962e+01
4.078938683902633144e+00 3.400984867554748092e+01
4.109239584850007176e+00 3.456280328588437811e+01
4.139567033590681788e+00 3.512622404470015169e+01
4.169903253335061066e+00 3.570046372635100340e+01
4.200240648691987211e+00 3.628579412105685265e+01
4.230572247198591818e+00 3.688248804261930758e+01
4.260879147202489392e+00 3.749093267673676877e+01
4.291157526388936105e+00 3.811138843645221641e+01
4.321393884067387781e+00 3.874421085060830450e+01
4.351576173863895391e+00 3.938975148638260748e+01
4.381700214284194317e+00 4.004829761684985101e+01
4.411748784262878864e+00 4.072026676400188450e+01
4.441720223119745903e+00 4.140593974311479997e+01
4.471599231819494591e+00 4.210573539444659019e+01
4.501382870272961689e+00 4.281996412702712718e+01
4.531060832800229754e+00 4.354901630648969046e+01
4.560628252433256868e+00 4.429323894750589119e+01
4.590079488385565121e+00 4.505299564996143857e+01
4.619407421018353332e+00 4.582867440483389032e+01
4.648613833342264634e+00 4.662058231684127207e+01
4.677694421118033574e+00 4.742909626684964053e+01
4.706647963779410304e+00 4.825457045094656650e+01
4.735474590126256267e+00 4.909735323786638617e+01
4.764178331510653841e+00 4.995775927034745933e+01
4.792765592697677768e+00 5.083608384041298933e+01
4.821233917122285106e+00 5.173272439051360294e+01
4.849601770390561839e+00 5.264785657383190198e+01
4.877869738782528053e+00 5.358185535051072890e+01
4.906055165911328508e+00 5.453491422628934515e+01
4.934168875404980170e+00 5.550730088431176767e+01
4.962231171769775351e+00 5.649917591009504036e+01
4.990252395045774669e+00 5.751081415935423991e+01
5.018261036651335161e+00 5.854227780076556087e+01
5.046282453154105063e+00 5.959365888657840316e+01
5.074333122945342112e+00 6.066515089604408928e+01
5.102449740361738151e+00 6.175669699021122483e+01
5.130663636544636752e+00 6.286829313493743143e+01
5.159009512292606736e+00 6.399988149014300376e+01
5.187525705323088765e+00 6.515134393837730897e+01
5.216254141656564869e+00 6.632249939251803994e+01
5.245242342529317980e+00 6.751307426536416756e+01
5.274539123165797427e+00 6.872275443010407514e+01
5.304197480032814660e+00 6.995114509043183659e+01
5.334274840944025264e+00 7.119776369034693175e+01
5.364826003367418217e+00 7.246213279852541689e+01
5.395931342285646082e+00 7.374339130010359611e+01
5.427655470476303812e+00 7.504085333304200844e+01
5.460066742018431007e+00 7.635374471512699301e+01
5.493262589525534700e+00 7.768083761111566332e+01
5.527314263941130790e+00 7.902122890507108366e+01
5.562323129634337171e+00 8.037353820177311547e+01
5.598389144963905828e+00 8.173635264624262220e+01
5.635619418338310815e+00 8.310810298145135278e+01
5.674128749830682494e+00 8.448705356157894641e+01
5.714039185721012437e+00 8.587130796682062339e+01
5.755480710647372433e+00 8.725879875097496097e+01
5.798593266181429229e+00 8.864725750094055456e+01
5.843528508283064582e+00 9.003418908022945288e+01
5.890434651068297001e+00 9.141711200654896174e+01
5.939504931380684916e+00 9.279280581199128619e+01
5.990905270128550342e+00 9.415845076255968138e+01
6.044841378483989836e+00 9.551058459205925999e+01
6.101529304889973027e+00 9.684557595180010026e+01
6.161198458893686336e+00 9.815959343106361246e+01
6.224097503270054510e+00 9.944853061592760923e+01
6.290491702681848984e+00 1.007080720119449211e+02
6.360673747224566910e+00 1.019335463131926929e+02
6.434934656119533969e+00 1.031204303986922497e+02
6.513647047555761738e+00 1.042630413869419215e+02
6.597140889414177423e+00 1.053565930468197962e+02
6.685836832216340397e+00 1.063950940503867457e+02
6.780153628893287099e+00 1.073729066593956389e+02
6.880574689413016642e+00 1.082837483930054105e+02
6.987574365527474463e+00 1.091219500786828149e+02
7.101744524898646382e+00 1.098805397366690073e+02
7.223681788053683661e+00 1.105531427371176107e+02
7.354021204794981337e+00 1.111335518679592838e+02
7.493520951335642444e+00 1.116145668559973814e+02
7.642912616587490326e+00 1.119904250890134136e+02
7.803116656491595471e+00 1.122537202993102738e+02
7.975017528708047365e+00 1.123989336347761565e+02
8.159699751455674388e+00 1.124191735683210993e+02
8.358202010460590969e+00 1.123098940894387141e+02
8.571853171574995045e+00 1.120644342085975325e+02
8.801906287101685322e+00 1.116792731502737155e+02
9.049874317071916252e+00 1.111497395807455888e+02
9.317312047648528051e+00 1.104731353856682574e+02
9.605989517054325688e+00 1.096467823771452288e+02
9.917810566739186484e+00 1.086693144493654444e+02
1.025483350359713874e+01 1.075406365003481994e+02
1.061919396301710705e+01 1.062628826546964547e+02
1.101335886751996540e+01 1.048379128717750461e+02
1.143979261358899002e+01 1.032708578258277470e+02
1.190131829478409919e+01 1.015666255931245558e+02
1.240082957073897951e+01 9.973269174148357763e+01
1.294129175439697121e+01 9.777876451046491013e+01
1.352599117062250400e+01 9.571462641797992887e+01
1.415811194748384239e+01 9.355314010493063392e+01
1.484110511621899064e+01 9.130709792455829188e+01
1.557870376052034622e+01 8.898913130281502504e+01
1.637445060287415544e+01 8.661423657422163558e+01
1.723251270638855104e+01 8.419475360126509145e+01
1.815688161001782319e+01 8.174470974328939121e+01
1.915221493898557625e+01 7.927540987978171927e+01
2.022420114403498914e+01 7.679473447723114532e+01
2.137845233941312628e+01 7.431220393774280808e+01
2.262340408921551571e+01 7.182889258320511772e+01
2.396822892215746847e+01 6.934702813602891069e+01
2.542433149296835282e+01 6.686599124423388218e+01
2.700784675308688065e+01 6.437802826125765421e+01
2.873667391990622733e+01 6.187895556035182665e+01
3.063530684327357179e+01 5.935866489297828963e+01
3.273373183085254112e+01 5.680779169806225326e+01
3.506847280417572676e+01 5.421856120757102104e+01
3.768657455661672628e+01 5.158178374356429430e+01
4.064418806333191725e+01 4.889345370095067977e+01
4.401127649938128172e+01 4.615178028437773605e+01
4.787346757088140237e+01 4.335955843504545726e+01
5.233519074977378693e+01 4.052487449792254637e+01
5.752154772370938929e+01 3.766264991553295971e+01
6.358544218643724122e+01 3.479188112206077932e+01
7.071445394984564814e+01 3.193472701347861431e+01
7.912670559993132713e+01 2.912029463538269169e+01
8.909351975586864114e+01 2.637513210923313522e+01
1.009283962666573018e+02 2.372913969967795111e+01
1.150217047883373311e+02 2.120560551869218457e+01
1.318307253402526840e+02 1.882648925537408857e+01
1.519131601070225202e+02 1.660707047724265450e+01
1.759090694350120430e+02 1.456016899979258383e+01
2.045831952518101104e+02 1.269155021427233265e+01
2.388683710944270331e+02 1.100007534640915807e+01
2.798502722307615045e+02 9.481825546587767661e+00
3.286926071552472877e+02 8.132564851821154406e+00
3.868082725437132581e+02 6.941581323534494530e+00
4.556784276302469721e+02 5.898653183769154928e+00
5.370548330130459362e+02 4.989963722107618516e+00
6.327503785693098735e+02 4.202719928924546267e+00
7.447127600384682182e+02 3.523703232788184980e+00
8.749659108652703026e+02 2.940141408158349901e+00
1.025803143634211438e+03 2.439212067657799299e+00
1.199163810470870885e+03 2.010679380846704500e+00
1.396804461122526845e+03 1.645010792154953716e+00
1.619742050059223629e+03 1.334195593366365618e+00
1.868039689384316262e+03 1.071176179754123714e+00
2.140613538747440543e+03 8.496302271448010757e-01
2.435098084643312177e+03 6.638982425480106642e-01
2.748406562376319016e+03 5.086284218509053989e-01
3.064920917533507691e+03 3.844077732809927372e-01
3.407479124407773725e+03 2.742954678641504329e-01
3.762195018416663970e+03 1.810875141703387203e-01
4.139624652182082173e+03 9.845547524665333727e-02
4.653324761443420357e+03 2.280561856740282911e-07
4.761934348772132580e+03 2.280561856740282911e-07
4.873078906915144216e+03 2.280561856740282911e-07
4.986817602629154862e+03 2.280561856740282911e-07
5.103210983635535740e+03 2.280561856740282911e-07
5.222321010852308063e+03 2.280561856740282911e-07
5.344211091378468154e+03 2.280561856740282911e-07
5.468946112248169811e+03 2.280561856740282911e-07
5.596592474972699165e+03 2.280561856740282911e-07
5.727218130888710220e+03 2.280561856740282911e-07
5.860892617331467591e+03 2.280561856740282911e-07
5.997687094652413180e+03 2.280561856740282911e-07
6.137674384100674615e+03 2.280561856740282911e-07
6.280929006588791708e+03 2.280561856740282911e-07
6.427527222363209148e+03 2.280561856740282911e-07
6.577547071600723939e+03 2.280561856740282911e-07
6.731068415952399846e+03 2.280561856740282911e-07
6.888172981057183279e+03 2.280561856740282911e-07
7.048944400047795170e+03 2.280561856740282911e-07
7.213468258071999117e+03 2.280561856740282911e-07
7.381832137853075437e+03 2.280561856740282911e-07
7.554125666313642796e+03 2.280561856740282911e-07
7.730440562287735702e+03 2.280561856740282911e-07
7.910870685346409118e+03 2.280561856740282911e-07
8.095512085763037248e+03 2.280561856740282911e-07
8.284463055644742781e+03 2.280561856740282911e-07
8.477824181257310556e+03 2.280561856740282911e-07
8.675698396571293415e+03 2.280561856740282911e-07
8.878191038057948390e+03 2.280561856740282911e-07
9.085409900764159829e+03 2.280561856740282911e-07
9.297465295696041721e+03 2.280561856740282911e-07
9.514470108542016533e+03 2.280561856740282911e-07
9.736539859766415248e+03 2.280561856740282911e-07
9.963792766105747432e+03 2.280561856740282911e-07
1.019634980350020487e+04 2.280561856740282911e-07
1.043433477149411010e+04 2.280561856740282911e-07
1.067787435913940135e+04 2.280561856740282911e-07
1.092709821243741135e+04 2.280561856740282911e-07
1.118213900335461767e+04 2.280561856740282911e-07
1.144313250044934102e+04 2.280561856740282911e-07
1.171021764114690632e+04 2.280561856740282911e-07
1.198353660570158900e+04 2.280561856740282911e-07
1.226323489288497512e+04 2.280561856740282911e-07
1.254946139744085121e+04 2.280561856740282911e-07
1.284236848934794398e+04 2.280561856740282911e-07
1.314211209493258502e+04 2.280561856740282911e-07
1.344885177987465977e+04 2.280561856740282911e-07
1.376275083415086556e+04 2.280561856740282911e-07
1.408397635896064821e+04 2.280561856740282911e-07
1.441269935568086294e+04 2.280561856740282911e-07
1.474909481689678614e+04 2.280561856740282911e-07
1.509334181955780878e+04 2.280561856740282911e-07
1.544562362030727490e+04 2.280561856740282911e-07
1.580612775303749004e+04 2.280561856740282911e-07
1.617504612872157304e+04 2.280561856740282911e-07
1.655257513757553897e+04 2.280561856740282911e-07
1.693891575360465140e+04 2.280561856740282911e-07
1.733427364159013450e+04 2.280561856740282911e-07
1.773885926657282471e+04 2.280561856740282911e-07
1.815288800589231687e+04 2.280561856740282911e-07
1.857658026384095865e+04 2.280561856740282911e-07
1.901016158899406219e+04 2.280561856740282911e-07
1.945386279427859336e+04 2.280561856740282911e-07
1.990792007984414886e+04 2.280561856740282911e-07
2.037257515880194478e+04 2.280561856740282911e-07
2.084807538589856631e+04 2.280561856740282911e-07
2.133467388919279256e+04 2.280561856740282911e-07
2.183262970480604054e+04 2.280561856740282911e-07
2.234220791481776541e+04 2.280561856740282911e-07
2.286367978837940245e+04 2.280561856740282911e-07
2.339732292612189485e+04 2.280561856740282911e-07
2.394342140793395447e+04 2.280561856740282911e-07
2.450226594418904278e+04 2.280561856740282911e-07
2.507415403050246459e+04 2.280561856740282911e-07
2.565939010610031255e+04 2.280561856740282911e-07
2.625828571588482373e+04 2.280561856740282911e-07
2.687115967628234648e+04 2.280561856740282911e-07
2.749833824496227680e+04 2.280561856740282911e-07
2.814015529451718976e+04 2.280561856740282911e-07
2.879695249019698895e+04 2.280561856740282911e-07
2.946907947179082839e+04 2.280561856740282911e-07
3.015689403975479217e+04 2.280561856740282911e-07
3.086076234568354266e+04 2.280561856740282911e-07
3.158105908722763706e+04 2.280561856740282911e-07
3.231816770756032565e+04 2.280561856740282911e-07
3.307248059949979506e+04 2.280561856740282911e-07
3.384439931439609063e+04 2.280561856740282911e-07
3.463433477589277754e+04 2.280561856740282911e-07
3.544270749867848644e+04 2.280561856740282911e-07
3.626994781234395487e+04 2.280561856740282911e-07
3.711649609046385012e+04 2.280561856740282911e-07
3.798280298502554069e+04 2.280561856740282911e-07
3.886932966632930038e+04 2.280561856740282911e-07
3.977654806848832231e+04 2.280561856740282911e-07
4.070494114065790200e+04 2.280561856740282911e-07
4.165500310412916588e+04 2.280561856740282911e-07
4.262723971542305662e+04 2.280561856740282911e-07
4.362216853552503017e+04 2.280561856740282911e-07
4.464031920540376450e+04 2.280561856740282911e-07
4.568223372796053445e+04 2.280561856740282911e-07
4.674846675655923173e+04 2.280561856740282911e-07
4.783958589029125869e+04 2.280561856740282911e-07
4.895617197613095777e+04 2.280561856740282911e-07
5.009881941814438323e+04 2.280561856740282911e-07
5.126813649391464423e+04 2.280561856740282911e-07
5.246474567835268681e+04 2.280561856740282911e-07
5.368928397506598412e+04 2.280561856740282911e-07
5.494240325546125678e+04 2.280561856740282911e-07
5.622477060576249642e+04 2.280561856740282911e-07
5.753706868212740665e+04 2.280561856740282911e-07
5.887999607405335701e+04 2.280561856740282911e-07
6.025426767626482615e+04 2.280561856740282911e-07
6.166061506928085873e+04 2.280561856740282911e-07
6.309978690886504774e+04 2.280561856740282911e-07
6.457254932456523966e+04 2.280561856740282911e-07
6.607968632755587169e+04 2.280561856740282911e-07
6.762200022799818544e+04 2.280561856740282911e-07
6.920031206214295526e+04 2.280561856740282911e-07
7.081546202940124203e+04 2.280561856740282911e-07
7.246830993961665081e+04 2.280561856740282911e-07
7.415973567077699408e+04 2.280561856740282911e-07
7.589063963740904001e+04 2.280561856740282911e-07
7.766194326990545960e+04 2.280561856740282911e-07
7.947458950504034874e+04 2.280561856740282911e-07
8.132954328793165041e+04 2.280561856740282911e-07
8.322779208572133211e+04 2.280561856740282911e-07
8.517034641324395488e+04 2.280561856740282911e-07
8.715824037096473330e+04 2.280561856740282911e-07
8.919253219547323533e+04 2.280561856740282911e-07
9.127430482282527373e+04 2.280561856740282911e-07
9.340466646503465017e+04 2.280561856740282911e-07
9.558475120001813048e+04 2.280561856740282911e-07
9.781571957531188673e+04 2.280561856740282911e-07
1.000987592258778459e+05 2.280561856740282911e-07
1.024350855063299387e+05 2.280561856740282911e-07
1.048259421379167034e+05 2.280561856740282911e-07
1.072726018706042669e+05 2.280561856740282911e-07
1.097763671606137505e+05 2.280561856740282911e-07
1.123385708637701027e+05 2.280561856740282911e-07
1.149605769450363296e+05 2.280561856740282911e-07
1.176437812046071049e+05 2.280561856740282911e-07
1.203896120209497749e+05 2.280561856740282911e-07
1.231995311111882329e+05 2.280561856740282911e-07
1.260750343092341936e+05 2.280561856740282911e-07
1.290176523620800290e+05 2.280561856740282911e-07
1.320289517446785176e+05 2.280561856740282911e-07
1.351105354938394157e+05 2.280561856740282911e-07
1.382640440615920525e+05 2.280561856740282911e-07
1.414911561884641706e+05 2.280561856740282911e-07
1.447935897971437080e+05 2.280561856740282911e-07
1.481731029069986835e+05 2.280561856740282911e-07
1.516314945699417731e+05 2.280561856740282911e-07
1.551706058281400765e+05 2.280561856740282911e-07
1.587923206940745295e+05 2.280561856740282911e-07
1.624985671534775465e+05 2.280561856740282911e-07
1.662913181916775357e+05 2.280561856740282911e-07
1.701725928438991832e+05 2.280561856740282911e-07
1.741444572700777499e+05 2.280561856740282911e-07
1.782090258547593839e+05 2.280561856740282911e-07
1.823684623326753208e+05 2.280561856740282911e-07
1.866249809405834822e+05 2.280561856740282911e-07
1.909808475959979114e+05 2.280561856740282911e-07
1.954383811034281971e+05 2.280561856740282911e-07
1.999999543887732725e+05 2.280561856740282911e-07
