2.000000000000000000e+00 3.891636535353983116e-04
2.245335547021627409e+00 4.768131729666657062e-04
2.520765859359455074e+00 5.777547841181478920e-04
2.829982594869151935e+00 6.975245004993404704e-04
3.177130258856105449e+00 8.363827091448220634e-04
3.566861753863819207e+00 1.007307537725759790e-03
4.004400743631169490e+00 1.218625371212323991e-03
4.495611667097451303e+00 1.477682183037421285e-03
5.047078340869532553e+00 1.791794889558839983e-03
5.666192203678648731e+00 2.172612988692301621e-03
6.361251385588239771e+00 2.634306570368844490e-03
7.141571929800926810e+00 3.194005041406653041e-03
8.017612657796931330e+00 3.872453446801548543e-03
9.001115351400997611e+00 4.694799751746566406e-03
1.010526213067136148e+01 5.691425794180859053e-03
1.134485213698395789e+01 6.899121812371285939e-03
1.273649988943717659e+01 8.362363926115985377e-03
1.429885797319515817e+01 1.013488795392806195e-02
1.605286704451435043e+01 1.224763209484009373e-02
1.802203650333004248e+01 1.485284331366306179e-02
2.023275959532415058e+01 1.799056276029459625e-02
2.271466716686211385e+01 2.177000643979054573e-02
2.550102481426026912e+01 2.629403683967809421e-02
2.862917875046958471e+01 3.182049145686039610e-02
3.214105636523278520e+01 3.841647237760039552e-02
3.608372818784145153e+01 4.633807303996462928e-02
4.051003878461335006e+01 5.580157197769226168e-02
4.547931504715857187e+01 6.709635594563306826e-02
5.105816136479035805e+01 8.028691111365356126e-02
5.732135233896503479e+01 9.579937385241613090e-02
6.435283500501473952e+01 1.156578442816258573e-01
7.224685399418864051e+01 1.365949337088575855e-01
8.110921471681659511e+01 1.618331269294679131e-01
9.105870149733900121e+01 1.910018986695303234e-01
1.022286696688033629e+02 2.249828380564423413e-01
1.147688329660479098e+02 2.634709229066911074e-01
1.288472701744274787e+02 3.134365411947253044e-01
1.446526779296707446e+02 3.584029367898821650e-01
1.623968998636802610e+02 4.163745469813895927e-01
1.823177659950164582e+02 4.828716175645887954e-01
2.046822804210907520e+02 5.559170119039075209e-01
2.297902000374619433e+02 6.411331513786515668e-01
2.579780522506619036e+02 7.508512221377129370e-01
2.896236455349069274e+02 8.155597938030501037e-01
3.251511332887590129e+02 8.853718410321851362e-01
3.650366988638088515e+02 1.188614257514408745e+00
4.098149379631696547e+02 1.287609518823088939e+00
4.600860239545838226e+02 1.394322883896001120e+00
5.165237521365354496e+02 1.509366374227735008e+00
5.798845707765756288e+02 1.633409958408701401e+00
6.510177199670119990e+02 1.767187782316812061e+00
7.308766141914516083e+02 2.416830837765808759e+00
8.205316211654388781e+02 2.613169127299843186e+00
9.211844082290216420e+02 2.825440757040932116e+00
1.034184048579352066e+03 3.055053877269599649e+00
1.161045103218980330e+03 3.303551286006743748e+00
1.303467920976485402e+03 3.572623101549939229e+00
1.463361428685439932e+03 3.864119234710673645e+00
1.642868716983886088e+03 4.180064098238671200e+00
1.844395764666866398e+03 4.522671702888462875e+00
2.070643686591325149e+03 4.894363045461810557e+00
2.324644937359706091e+03 5.740262109728203832e+00
2.609803956028805715e+03 6.216750886962741696e+00
2.929942796614572671e+03 6.734581480460262171e+00
3.289352355989328771e+03 7.297545428004135637e+00
3.692849885791089037e+03 7.909787395908259633e+00
4.145843559190743690e+03 8.575838671542870273e+00
4.654404957920819470e+03 9.300679864903383276e+00
5.225350451126658299e+03 1.008967435901116616e+01
5.866332556780091181e+03 1.094877055224397289e+01
6.585942510194302486e+03 1.188444434863165711e+01
7.393825414390056721e+03 1.290377635491333308e+01
8.300809515700953853e+03 1.401450766373074508e+01
9.319051337329363378e+03 1.522510122410568378e+01
1.046219861611252782e+04 1.654480597255743035e+01
1.174557322637896505e+04 1.796699881450896896e+01
1.318637654266709615e+04 1.952678558635588146e+01
1.480391999383128859e+04 2.137636077544842550e+01
1.661988389870679021e+04 2.339564685398425326e+01
1.865860805256937238e+04 2.549823375572141870e+01
2.094741795918901698e+04 2.770498022673345773e+01
2.351699108104316474e+04 3.012563716658725710e+01
2.640176801662838989e+04 3.281622781135045841e+01
2.964041411597720071e+04 3.574970082070440469e+01
3.327633772152261372e+04 3.893389038368303545e+01
3.735827198041569500e+04 4.241255284471081666e+01
4.194092802646470227e+04 4.620780141573846578e+01
4.708572828644840774e+04 5.034560573515103954e+01
5.286162973948216677e+04 5.485742423984113003e+01
5.934604816377745010e+04 5.977508829696228077e+01
6.662589575869354303e+04 6.513331247944643110e+01
7.479874604957603151e+04 7.096899763371051506e+01
8.397414168887828419e+04 7.732136406652882954e+01
9.427506268233458104e+04 8.423191412288583990e+01
1.058395747191689443e+05 9.174461796053412854e+01
1.188226796993008029e+05 9.990526063176659477e+01
1.333983932606025774e+05 1.087623929410980850e+02
1.497620771518006222e+05 1.183680364824883924e+02
1.681330577123666881e+05 1.287755421239931763e+02
1.887575655555078120e+05 1.400393058920035969e+02
2.119120358555233979e+05 1.522188418667436451e+02
2.379068134740641399e+05 1.653900308843333846e+02
2.670903125859800493e+05 1.796415143182209135e+02
2.998536865572094102e+05 1.950796134708041052e+02
3.366360706661916920e+05 2.118249512602859284e+02
3.779304679382423055e+05 2.300118480400465444e+02
4.242903569821264246e+05 2.497904964897785760e+02
4.763371103952321573e+05 2.713324443947921054e+02
5.347683231679898454e+05 2.948392830359252343e+02
6.003671627151183784e+05 3.205537311542454972e+02
6.740128658543863567e+05 3.487717877572120528e+02
7.566925234263865277e+05 3.798540931711216331e+02
8.495143105073805200e+05 4.142339114489743679e+02
9.537223395428948570e+05 4.524185852850828269e+02
1.070713335482145892e+06 4.949799810005078484e+02
1.202055356414077571e+06 5.425301101409464763e+02
1.349508810622140067e+06 5.956759735443855561e+02
1.515050051754384069e+06 6.549489213885418621e+02
1.700897868360537104e+06 7.207024959796857502e+02
1.909543222841613228e+06 7.929702469196377024e+02
2.143782638410257176e+06 8.712768014706367694e+02
2.406755681555180810e+06 9.544029975576975175e+02
2.701987042396055534e+06 1.040114166805103650e+03
3.033433776941847987e+06 1.124890588148807865e+03
3.405538344451802783e+06 1.203729906381081264e+03
3.823288150771407411e+06 1.270133700029613919e+03
4.292282395716811530e+06 1.316402566871019417e+03
4.818807120479053818e+06 1.334348710501662708e+03
5.409919460926273838e+06 1.316482233117626947e+03
6.073542236070920713e+06 1.257843459920313535e+03
6.818570139493629336e+06 1.158876767003495843e+03
7.654988957032630220e+06 1.028931593365286517e+03
8.594009408641688526e+06 8.869492783517757744e+02
9.648217408330747858e+06 7.550938809218798724e+02
1.083174275615895167e+07 6.486564698019952857e+02
1.216044852329885401e+07 5.714549573607553157e+02
1.365214366854478605e+07 5.190866215706306548e+02
1.532682173601492494e+07 4.844863376185415973e+02
1.720692883336901665e+07 4.613087853024815104e+02
1.931766448231741786e+07 4.448718075011096857e+02
2.168731937379221618e+07 4.319611479834824195e+02
2.434765455479324237e+07 4.203868536151971398e+02
2.733432712924014777e+07 4.086382586507376686e+02
3.068736817860026285e+07 3.956497405382993406e+02
3.445171930797574669e+07 3.806756842727457411e+02
3.867783500910463929e+07 3.632892649480801310e+02
4.342235891389010847e+07 3.433297814155973242e+02
4.874888300244443119e+07 3.209232638747188844e+02
5.472879994149343669e+07 2.965055631052644003e+02
6.144225997723518312e+07 2.707219386627569406e+02
6.897924520811519027e+07 2.443533865144843844e+02
7.744077563625113666e+07 2.182033858344180146e+02
8.694026316250053048e+07 1.930319048366395691e+02
9.760503167308866978e+07 1.693828413390401693e+02
1.095780235918789059e+08 1.476465728820961090e+02
1.230197157716100812e+08 1.280298963691784309e+02
1.381102704032466114e+08 1.105632288813158794e+02
1.550519497725892961e+08 9.521197934954037123e+01
1.740718272297033072e+08 8.179742942513661319e+01
1.954248307069300413e+08 7.019933208384988177e+01
2.193971595784772635e+08 6.018254438592152411e+01
2.463101206585652232e+08 5.156185648119897991e+01
2.765244347529318333e+08 4.418668309701808994e+01
3.104450714854096174e+08 3.787076601943459764e+01
3.485266772019308805e+08 3.247003758011652508e+01
3.912796687034129500e+08 2.785699663681154092e+01
4.392770744833102822e+08 2.389880993902128736e+01
4.931622151645208001e+08 2.052041747824149809e+01
5.536573260784144402e+08 1.764149719848915510e+01
6.215732375564028025e+08 1.518968513798297160e+01
6.978202426813561916e+08 1.308199723137296289e+01
7.834202981618521214e+08 1.126749982461087995e+01
8.795207218605459929e+08 9.725927351643361973e+00
9.874095705678007603e+08 8.396562093889446743e+00
1.108532904132623672e+09 7.242951288367440732e+00
1.244514167346046209e+09 6.274121356428222107e+00
1.397175949357052565e+09 5.431408875661480451e+00
1.568564412267536402e+09 4.695468179567016342e+00
1.760976716328696489e+09 4.091187811985528278e+00
1.976991809325117111e+09 3.525574714431020329e+00
2.219504992824148655e+09 3.070786386547570856e+00
2.491766728590016365e+09 2.672645746681371559e+00
2.797426205294483185e+09 2.319043628570464310e+00
3.140580249458755016e+09 1.993351682044369078e+00
3.525828236191903114e+09 1.728748811097981841e+00
3.958333735707114697e+09 1.351869007468291750e+00
4.443893721879056931e+09 1.337703893366442465e+00
4.989016270460633278e+09 9.616345965959250952e-01
5.601007788367273331e+09 1.030458446556769880e+00
6.288070943183000565e+09 5.599858125742561699e-01
7.059414605461315155e+09 6.119844473607710666e-01
7.925377277402956963e+09 1.520236074121301129e-01
8.897565662255187988e+09 4.520279201334853059e-01
9.989010231710279465e+09 2.035945073359394508e-01
1.121433987641093826e+10 2.386875167049517243e-01
1.258997798044377518e+10 2.577158858274212760e-01
1.413436254785501099e+10 2.628822992467367281e-01
1.586819333159498405e+10 2.531133675495381707e-01
1.781470927722091675e+10 1.899930485044698247e-01
2.000000000000000000e+10 7.076756912977701097e-02
