1.999221975471797252e+00 3.891636535353983116e-04
2.244265451690627522e+00 4.768131729666657062e-04
2.519310315771839726e+00 5.777547841181478920e-04
2.828009988614436310e+00 6.975245004993404704e-04
3.174475182702683362e+00 8.363827091448220634e-04
3.563272442673344198e+00 1.007307537725759790e-03
3.999526818776963921e+00 1.218625371212323991e-03
4.488978383719788745e+00 1.477682183037421285e-03
5.038051186500225320e+00 1.791794889558839983e-03
5.653908448746025606e+00 2.172612988692301621e-03
6.344537927639504638e+00 2.634306570368844490e-03
7.118834337039484872e+00 3.194005041406653041e-03
7.986684593514260300e+00 3.872453446801548543e-03
8.959054385097955375e+00 4.694799751746566406e-03
1.004807426163683637e+01 5.691425794180859053e-03
1.126711891114151953e+01 6.899121812371285939e-03
1.263087590838564545e+01 8.362363926115985377e-03
1.415539463462955361e+01 1.013488795392806195e-02
1.585863630156688231e+01 1.224763209484009373e-02
1.775827561805424182e+01 1.485284331366306179e-02
1.987519367612089027e+01 1.799056276029459625e-02
2.223070458488802004e+01 2.177000643979054573e-02
2.484767902655552518e+01 2.629403683967809421e-02
2.774627853149836909e+01 3.182049145686039610e-02
3.095199009280093705e+01 3.841647237760039552e-02
3.448572609329416849e+01 4.633807303996462928e-02
3.836898888939073515e+01 5.580157197769226168e-02
4.261968920965528440e+01 6.709635594563306826e-02
4.726351938500779681e+01 8.028691111365356126e-02
5.231007947873235508e+01 9.579937385241613090e-02
5.768151529150198087e+01 1.156578442816258573e-01
6.356429353282239703e+01 1.365949337088575855e-01
6.981141511360998209e+01 1.618331269294679131e-01
7.645554687953125494e+01 1.910018986695303234e-01
8.345314439751611246e+01 2.249828380564423413e-01
9.083614896496017366e+01 2.634709229066911074e-01
9.809934940383621438e+01 3.134365411947253044e-01
1.064873124255072412e+02 3.584029367898821650e-01
1.146567482519255350e+02 4.163745469813895927e-01
1.229491237376625463e+02 4.828716175645887954e-01
1.315508981874489507e+02 5.559170119039075209e-01
1.400192299110064482e+02 6.411331513786515668e-01
1.473443596970403462e+02 7.508512221377129370e-01
1.595230553813007361e+02 8.155597938030501037e-01
1.724599499219996801e+02 8.853718410321851362e-01
1.667889613761257408e+02 1.188614257514408745e+00
1.791454942773659695e+02 1.287609518823088939e+00
1.921570507674970543e+02 1.394322883896001120e+00
2.058383173702553393e+02 1.509366374227735008e+00
2.202029231813888543e+02 1.633409958408701401e+00
2.352632965956329656e+02 1.767187782316812061e+00
2.139048284489716991e+02 2.416830837765808759e+00
2.270947172015250430e+02 2.613169127299843186e+00
2.408047769485206402e+02 2.825440757040932116e+00
2.550358342650928876e+02 3.055053877269599649e+00
2.697876767483144249e+02 3.303551286006743748e+00
2.850591207778880971e+02 3.572623101549939229e+00
3.008481819776943098e+02 3.864119234710673645e+00
3.171521984723114542e+02 4.180064098238671200e+00
3.339680256029363932e+02 4.522671702888462875e+00
3.512921872339634319e+02 4.894363045461810557e+00
3.448893974025953071e+02 5.740262109728203832e+00
3.616314317767969442e+02 6.216750886962741696e+00
3.788107739269973422e+02 6.734581480460262171e+00
3.964247480812574622e+02 7.297545428004135637e+00
4.144711564595802997e+02 7.909787395908259633e+00
4.329483506767100494e+02 8.575838671542870273e+00
4.518541512759144325e+02 9.300679864903383276e+00
4.711906122726391573e+02 1.008967435901116616e+01
4.909570010680636187e+02 1.094877055224397289e+01
5.111545621983875094e+02 1.188444434863165711e+01
5.317854103555986285e+02 1.290377635491333308e+01
5.528525944112377601e+02 1.401450766373074508e+01
5.743601354846414324e+02 1.522510122410568378e+01
5.963131557269366567e+02 1.654480597255743035e+01
6.192636663948165960e+02 1.796699881450896896e+01
6.423985132592829359e+02 1.952678558635588146e+01
6.615874736017977966e+02 2.137636077544842550e+01
6.812643254832352113e+02 2.339564685398425326e+01
7.041453488778535075e+02 2.549823375572141870e+01
7.297485590908129325e+02 2.770498022673345773e+01
7.555505114699525393e+02 3.012563716658725710e+01
7.807425524785056723e+02 3.281622781135045841e+01
8.065484467639010973e+02 3.574970082070440469e+01
8.332856478996924352e+02 3.893389038368303545e+01
8.605407775499489844e+02 4.241255284471081666e+01
8.884321397878559310e+02 4.620780141573846578e+01
9.170352089977130845e+02 5.034560573515103954e+01
9.463671205550833747e+02 5.485742423984113003e+01
9.764864161743017803e+02 5.977508829696228077e+01
1.007448338224403983e+03 6.513331247944643110e+01
1.039318991633976111e+03 7.096899763371051506e+01
1.072174146731507335e+03 7.732136406652882954e+01
1.106100498299387027e+03 8.423191412288583990e+01
1.141193710714374220e+03 9.174461796053412854e+01
1.177566748803317751e+03 9.990526063176659477e+01
1.215337873803355478e+03 1.087623929410980850e+02
1.254624617820291633e+03 1.183680364824883924e+02
1.295568139886674999e+03 1.287755421239931763e+02
1.338333058020315093e+03 1.400393058920035969e+02
1.383067730271881146e+03 1.522188418667436451e+02
1.429814107309385008e+03 1.653900308843333846e+02
1.478565509119180660e+03 1.796415143182209135e+02
1.529244582083272462e+03 1.950796134708041052e+02
1.581750958582314752e+03 2.118249512602859284e+02
1.635978722064190379e+03 2.300118480400465444e+02
1.691811942321423430e+03 2.497904964897785760e+02
1.749101585945083571e+03 2.713324443947921054e+02
1.807631216788239271e+03 2.948392830359252343e+02
1.867081935451494928e+03 3.205537311542454972e+02
1.927007521607890567e+03 3.487717877572120528e+02
1.986830487040077287e+03 3.798540931711216331e+02
2.045869297001702762e+03 4.142339114489743679e+02
2.103403721184588449e+03 4.524185852850828269e+02
2.158783371301128227e+03 4.949799810005078484e+02
2.211570866059958462e+03 5.425301101409464763e+02
2.261711331538561808e+03 5.956759735443855561e+02
2.309707360364674059e+03 6.549489213885418621e+02
2.356785348305645130e+03 7.207024959796857502e+02
2.405056398838694804e+03 7.929702469196377024e+02
2.457686178052532796e+03 8.712768014706367694e+02
2.519099989959823233e+03 9.544029975576975175e+02
2.595284099041432910e+03 1.040114166805103650e+03
2.694252717690293139e+03 1.124890588148807865e+03
2.826806511910861445e+03 1.203729906381081264e+03
3.007778135913110873e+03 1.270133700029613919e+03
3.258140300964700145e+03 1.316402566871019417e+03
3.608650746117640210e+03 1.334348710501662708e+03
4.106256103450062255e+03 1.316482233117626947e+03
4.824700154898833716e+03 1.257843459920313535e+03
5.878702232401106812e+03 1.158876767003495843e+03
7.432521738672046013e+03 1.028931593365286517e+03
9.678491348733356062e+03 8.869492783517757744e+02
1.276060771258590285e+04 7.550938809218798724e+02
1.667303145531713017e+04 6.486564698019952857e+02
2.124262942776030832e+04 5.714549573607553157e+02
2.624974975767714204e+04 5.190866215706306548e+02
3.157003719445052775e+04 4.844863376185415973e+02
3.721955839993563859e+04 4.613087853024815104e+02
4.332560201682933257e+04 4.448718075011096857e+02
5.009068244298814534e+04 4.319611479834824195e+02
5.777981525979706930e+04 4.203868536151971398e+02
6.672796437342956779e+04 4.086382586507376686e+02
7.736641435074171750e+04 3.956497405382993406e+02
9.026438080178176460e+04 3.806756842727457411e+02
1.061734141812198359e+05 3.632892649480801310e+02
1.261068930354311160e+05 3.433297814155973242e+02
1.514301340502554376e+05 3.209232638747188844e+02
1.839589128023435187e+05 2.965055631052644003e+02
2.261218224763705803e+05 2.707219386627569406e+02
2.811424215008461615e+05 2.443533865144843844e+02
3.532827530992080574e+05 2.182033858344180146e+02
4.480719974155681557e+05 1.930319048366395691e+02
5.728571662851136643e+05 1.693828413390401693e+02
7.371715436641401611e+05 1.476465728820961090e+02
9.534202478131726384e+05 1.280298963691784309e+02
1.237955120052792830e+06 1.105632288813158794e+02
1.611565948656787630e+06 9.521197934954037123e+01
2.102382023672543466e+06 8.179742942513661319e+01
2.744756516490667593e+06 7.019933208384988177e+01
3.585943699800786562e+06 6.018254438592152411e+01
4.686100095164421946e+06 5.156185648119897991e+01
6.119600196350325830e+06 4.418668309701808994e+01
7.986595153030772693e+06 3.787076601943459764e+01
1.041309488726058044e+07 3.247003758011652508e+01
1.355926514557220042e+07 2.785699663681154092e+01
1.764249277612571791e+07 2.389880993902128736e+01
2.291601525217338279e+07 2.052041747824149809e+01
2.970026067022593692e+07 1.764149719848915510e+01
3.839316405839890987e+07 1.518968513798297160e+01
4.955406759537619352e+07 1.308199723137296289e+01
6.386144767576566339e+07 1.126749982461087995e+01
8.199950391476324201e+07 9.725927351643361973e+00
1.050820034712386876e+08 8.396562093889446743e+00
1.344825251723857224e+08 7.242951288367440732e+00
1.710879027672882080e+08 6.274121356428222107e+00
2.172425943317669630e+08 5.431408875661480451e+00
2.754057020096954703e+08 4.695468179567016342e+00
3.458872038040033579e+08 4.091187811985528278e+00
4.368487836519290209e+08 3.525574714431020329e+00
5.452275757231535912e+08 3.070786386547570856e+00
6.784663973762223721e+08 2.672645746681371559e+00
8.428410465033129454e+08 2.319043628570464310e+00
1.049185188729255199e+09 1.993351682044369078e+00
1.292104360010035515e+09 1.728748811097981841e+00
1.683058760133979082e+09 1.351869007468291750e+00
1.900965188315431595e+09 1.337703893366442465e+00
2.543295412467847347e+09 9.616345965959250952e-01
2.758494170548234463e+09 1.030458446556769880e+00
4.030851365761177540e+09 5.599858125742561699e-01
4.379331709446311951e+09 6.119844473607710666e-01
6.879526796509211540e+09 1.520236074121301129e-01
6.127682215254671097e+09 4.520279201334853059e-01
8.299315235178462982e+09 2.035945073359394508e-01
9.053405096260551453e+09 2.386875167049517243e-01
1.001019238312405396e+10 2.577158858274212760e-01
1.119214558338939667e+10 2.628822992467367281e-01
1.266301496936802864e+10 2.531133675495381707e-01
1.497043138160315132e+10 1.899930485044698247e-01
1.867818990470003510e+10 7.076756912977701097e-02
