2.000000000000000000e+00 7.569399869888689819e-04
2.094450379776869653e+00 7.686966699497093432e-04
2.193361196673736746e+00 7.917289795039930038e-04
2.296943095680578750e+00 8.251643835768647994e-04
2.405416669537023378e+00 8.678897034013015582e-04
2.519012928516715988e+00 9.187250312844784904e-04
2.637973792397340311e+00 9.765833294886473552e-04
2.762552605664019278e+00 1.040579080143929280e-03
2.893014677043293403e+00 1.110087978029235343e-03
3.029637844516691825e+00 1.184728886787715435e-03
3.172713067017181032e+00 1.264331883654175055e-03
3.322545044068585973e+00 1.348872620416112890e-03
3.479452864687603064e+00 1.438403821077970362e-03
3.643770686930333458e+00 1.532998152412526002e-03
3.815848449530531372e+00 1.632711947631194233e-03
3.996052617145100516e+00 1.737578032576026985e-03
4.184766960793955271e+00 1.847626756328142475e-03
4.382393375156298454e+00 1.962921694371086087e-03
4.589352734463872707e+00 2.083585872288267003e-03
4.806085788813937221e+00 2.209787131061591650e-03
5.033054102810782915e+00 2.341663822043975763e-03
5.270741038534788814e+00 2.479207950840609572e-03
5.519652784932360667e+00 2.622133874050851677e-03
5.780319435819019525e+00 2.769812700087649713e-03
6.053296118791383407e+00 2.921318166876157429e-03
6.339164177452231819e+00 3.075610423245811985e-03
6.638532409466377793e+00 3.231825192586950529e-03
6.952038363083956618e+00 3.389603972681838866e-03
7.280349694892280787e+00 3.549389185024058591e-03
7.624165591687778409e+00 3.712630375717534958e-03
7.984218259496103087e+00 3.881872442360728096e-03
8.361274482911515094e+00 4.060728167366726808e-03
8.756137258076337915e+00 4.253739529351878608e-03
9.169647502778191850e+00 4.466133156341433458e-03
9.602685847306904776e+00 4.703479904098536481e-03
1.005617450988495776e+01 4.971284351519419768e-03
1.053107926066551414e+01 5.274566806522787421e-03
1.102841147848060110e+01 5.617521406187712257e-03
1.154923030471964296e+01 6.003335934787273898e-03
1.209464489892529571e+01 6.434209669518615657e-03
1.266581680091023010e+01 6.911582774193679966e-03
1.326396240442534413e+01 7.436491136353634915e-03
1.389035554764739189e+01 8.009977253268008718e-03
1.454633022600291525e+01 8.633423412571058359e-03
1.523328343310578425e+01 9.308793828078839108e-03
1.595267813585855343e+01 1.003874655731018702e-02
1.670604639005355452e+01 1.082663007505506661e-02
1.749499260310883386e+01 1.167640976618694072e-02
1.832119695088741551e+01 1.259255895841389708e-02
1.918641895587648705e+01 1.357994638966237254e-02
2.009250123434681612e+01 1.464373002853522343e-02
2.104137342047245696e+01 1.578928376959391755e-02
2.203505627576773662e+01 1.702216620893181112e-02
2.307566599259321549e+01 1.834814945844424894e-02
2.416541870089553257e+01 1.977323654475484499e-02
2.530663518777885912e+01 2.130380717465648124e-02
2.650174583995906374e+01 2.294673488300596337e-02
2.775329581962617098e+01 2.470956925320056535e-02
2.906395048473792286e+01 2.660067717384696079e-02
3.043650106528772525e+01 2.862944715078402300e-02
3.187387060763548874e+01 3.080640490946660176e-02
3.337912019956048226e+01 3.314330156765011443e-02
3.495545548929361956e+01 3.565305870466115024e-02
3.660623351241223844e+01 3.834959307255750294e-02
3.833496984113629935e+01 4.124701870036870388e-02
4.014534607125138876e+01 4.435926118822358655e-02
4.204121766260316662e+01 4.769923447544799355e-02
4.402662214986062850e+01 5.127827484393494145e-02
4.610578774103417032e+01 5.510622656347724524e-02
4.828314232206037815e+01 5.919176990310024561e-02
5.056332288662998309e+01 6.354335514303535715e-02
5.295118541134133494e+01 6.817009995092747354e-02
5.545181519720964758e+01 7.308256549406090541e-02
5.807053769955627587e+01 7.829300636760613830e-02
6.081292986934133893e+01 8.381440527567765586e-02
6.368483203009306237e+01 8.966068313491917796e-02
6.669236031572728507e+01 9.584658331875682558e-02
6.984191969574543180e+01 1.023888000370197643e-01
7.314021761554982959e+01 1.093069047026489354e-01
7.659427828092562152e+01 1.166256674283635275e-01
8.021145761710991451e+01 1.243749389406467731e-01
8.399945893430607669e+01 1.325872226357251993e-01
8.796634933300447301e+01 1.412943673839009706e-01
9.212057688404800615e+01 1.505219874736093977e-01
9.647098862002934538e+01 1.602834900350408043e-01
1.010268493763352780e+02 1.705788109510611716e-01
1.057978615219630143e+02 1.813946256942486346e-01
1.107941856221280688e+02 1.927139152075616202e-01
1.160264620766675705e+02 2.045260839990201418e-01
1.215058337803214812e+02 2.168376908824966032e-01
1.272439698531497783e+02 2.296805600091299249e-01
1.332530904916229986e+02 2.431104688883268805e-01
1.395459929933106764e+02 2.571981337805410717e-01
1.461360790105899810e+02 2.720160509418816375e-01
1.530373830914164444e+02 2.876279161743863222e-01
1.602646025679377431e+02 3.040828866168225897e-01
1.678331288566031390e+02 3.214222778650200341e-01
1.757590802364263993e+02 3.396860274007037495e-01
1.840593361752083013e+02 3.589122691864808923e-01
1.927515732768217731e+02 3.791335494569509912e-01
2.018543029261141726e+02 4.003629722599145180e-01
2.113869107115976647e+02 4.225825142865262118e-01
2.213696977098823879e+02 4.457472815151612977e-01
2.318239237197771558e+02 4.698134975659336576e-01
2.427718525381255290e+02 4.947886208219419157e-01
2.542367993738057805e+02 5.207821430995874801e-01
2.662431805008615129e+02 5.480400142825206933e-01
2.788165652565154460e+02 5.769286106252062840e-01
2.919837304947957364e+02 6.078628041202609467e-01
3.057727176117459180e+02 6.411916845061295112e-01
3.202128922636635480e+02 6.770679876988272561e-01
3.353350069055398421e+02 7.153616517363114991e-01
3.511712662828937823e+02 7.556382636610008419e-01
3.677553960164653972e+02 7.972205259326038407e-01
3.851227144258397175e+02 8.393368931126107269e-01
4.033102077449493095e+02 8.812991798474447691e-01
4.223566088896488964e+02 9.226709862654403072e-01
4.423024799450977298e+02 9.633893487682051449e-01
4.631902985486304374e+02 1.003820320359499974e+00
4.850645483520705739e+02 1.044753040754343720e+00
5.079718137561447975e+02 1.087333425847305524e+00
5.319608791187516772e+02 1.132948881478471392e+00
5.570828326483532464e+02 1.183057099399066336e+00
5.833911752037591896e+02 1.238963617929747407e+00
6.109419342319936277e+02 1.301574092585067621e+00
6.397937830869075242e+02 1.371167986944725747e+00
6.700081659826265650e+02 1.447262632516608694e+00
7.016494288479584611e+02 1.528627978487683281e+00
7.347849563604148670e+02 1.613480891979785836e+00
7.694853154517003304e+02 1.699802948846479866e+00
8.058244055902695209e+02 1.785731580130141438e+00
8.438796161610048330e+02 1.869891129722936141e+00
8.837319912771882855e+02 1.951587400265833327e+00
9.254664023757377436e+02 2.030838665376959895e+00
9.691717289632991879e+02 2.108268107843363381e+00
1.014941047898093188e+03 2.184913482572095944e+00
1.062871831610648314e+03 2.262026530958553217e+00
1.113066155685529111e+03 2.340896201210776351e+00
1.165630916246169136e+03 2.422722320976350652e+00
1.220678057605724234e+03 2.508514932860568258e+00
1.278324810668799728e+03 2.599021061620019779e+00
1.338693942591732139e+03 2.694664965291249992e+00
1.401914018233123670e+03 2.795530866550844706e+00
1.468119673951442337e+03 2.901410055205336125e+00
1.537451904332745698e+03 3.011918455652723647e+00
1.610058362459196132e+03 3.126693376808378222e+00
1.686093674357793361e+03 3.245601533013130702e+00
1.765719768299029965e+03 3.368974201625162035e+00
1.849106219646714180e+03 3.497726425683488571e+00
1.936430611993417187e+03 3.633397601317596592e+00
2.027878915350583384e+03 3.778056832170377355e+00
2.123645882198767140e+03 3.934073966396922195e+00
2.223935462241398000e+03 4.103764686958825791e+00
2.328961236745371025e+03 4.288940509936177037e+00
2.438946873393476380e+03 4.490429736333487298e+00
2.554126602617286608e+03 4.707676517219152146e+00
2.674745716424992679e+03 4.938550775097938939e+00
2.801061090786439308e+03 5.179484845177350749e+00
2.933341732687937110e+03 5.426005948940967549e+00
3.071869353021793813e+03 5.673498853633373251e+00
3.216938966530710331e+03 5.918159531087940906e+00
3.368859520084630276e+03 6.157768038166020474e+00
3.527954550628086963e+03 6.392131770453779005e+00
3.694562874199268208e+03 6.623074081290052817e+00
3.869039307488088525e+03 6.854053095492464998e+00
4.051755423470034202e+03 7.089562676742842129e+00
4.243100342724900656e+03 7.334511226967997288e+00
4.443481562125769415e+03 7.593696059150372157e+00
4.653325822662915925e+03 7.871396010268304266e+00
4.873080018250931971e+03 8.171018960694780731e+00
5.103212147454367368e+03 8.494757196679994848e+00
5.344212310158864966e+03 8.843258214984961896e+00
5.596593751310231710e+03 9.215427646714790200e+00
5.860893953944282657e+03 9.608541317585775232e+00
6.137675783835284165e+03 1.001861447821793760e+01
6.427528688200551187e+03 1.044121554958576326e+01
6.731069951014188518e+03 1.087237376056942928e+01
7.048946007603168255e+03 1.130942926997160924e+01
7.381833821325556528e+03 1.175161258747162840e+01
7.730442325262523809e+03 1.220026868715968504e+01
8.095513931994644736e+03 1.265871028287280708e+01
8.477826114677556689e+03 1.313187801404570898e+01
8.878193062784332142e+03 1.362579399353924359e+01
9.297467416040513854e+03 1.414688752030796692e+01
9.736542080244556928e+03 1.470120277878390169e+01
1.019635212884085013e+04 1.529351120810818543e+01
1.067787679429469972e+04 1.592646333904694522e+01
1.118214155351058616e+04 1.659999209418235822e+01
1.171022031173447613e+04 1.731121228917810129e+01
1.226323768959154950e+04 1.805487924995063409e+01
1.284237141812951631e+04 1.882444909979363956e+01
1.344885484696849926e+04 1.961339315120654092e+01
1.408397957089857664e+04 2.041650805328600526e+01
1.474909818051909315e+04 2.123077935174255515e+01
1.544562714277728446e+04 2.205578626231847394e+01
1.617504981754089749e+04 2.289357486212901449e+01
1.693891961662916947e+04 2.374816413616753863e+01
1.773886331202940710e+04 2.462486571445477068e+01
1.857658450034499765e+04 2.552953390728204397e+01
1.945386723085233825e+04 2.646783341050545602e+01
2.037257980489372858e+04 2.744456895856971101e+01
2.133467875469714272e+04 2.846314362165680478e+01
2.234221301009648232e+04 2.952523995306859206e+01
2.339732826202611614e+04 3.063081967656578541e+01
2.450227153208235541e+04 3.177846813420739025e+01
2.565939595788294901e+04 3.296603966523712614e+01
2.687116580441652695e+04 3.419141789953913957e+01
2.814016171205367209e+04 3.545328159767556286e+01
2.946908619239668769e+04 3.675150881255138557e+01
3.086076938367128969e+04 3.808736468918318963e+01
3.231817507791838216e+04 3.946335108195150099e+01
3.384440703282070899e+04 4.088285435320113237e+01
3.544271558160716813e+04 4.234971306969578109e+01
3.711650455511037580e+04 4.386781510242641247e+01
3.886933853072036436e+04 4.544078668807915733e+01
4.070495042367151473e+04 4.707179435759283592e+01
4.262724943682875164e+04 4.876347079308208521e+01
4.464032938590468984e+04 5.051792935020645103e+01
4.674847741783624951e+04 5.233687603145386902e+01
4.895618314088880288e+04 5.422174265325359954e+01
5.126814818593030213e+04 5.617388346858844272e+01
5.368929621923930245e+04 5.819474894721933822e+01
5.622478342816922668e+04 6.028607492151186875e+01
5.888000950200067746e+04 6.244998183155395566e+01
6.166062913136553834e+04 6.468907969040937189e+01
6.457256405073453789e+04 6.700650874981231198e+01
6.762201564961363329e+04 6.940592297843413405e+01
7.081547817930539895e+04 7.189139965044998348e+01
7.415975258336344268e+04 7.446726006284498567e+01
7.766196098119202361e+04 7.713780818977303966e+01
8.132956183563708328e+04 7.990701337201186050e+01
8.517036583686829545e+04 8.277822301238950331e+01
8.919255253638191789e+04 8.575397714207228717e+01
9.340468776654661633e+04 8.883600339924885247e+01
9.781574188279180089e+04 9.202542876195528265e+01
1.024351088672848273e+05 9.532313855586565410e+01
1.072726263347846834e+05 9.873019957343468889e+01
1.123385964832760801e+05 1.022482228585040787e+02
1.176438080339991138e+05 1.058795590968373119e+02
1.231995592076033790e+05 1.096273107117860519e+02
1.290176817853537214e+05 1.134951843702800431e+02
1.351105663066327979e+05 1.174872654885254093e+02
1.414911884563975618e+05 1.216078027721475934e+02
1.481731366987913498e+05 1.258610691214068424e+02
1.551706412157565646e+05 1.302513272484409015e+02
1.624986042122809449e+05 1.347828907167662464e+02
1.701726316528116295e+05 1.394602379788950657e+02
1.782090664964300813e+05 1.442881394935736807e+02
1.866250235015648068e+05 1.492717659280889961e+02
1.954384256743599253e+05 1.544166728774378043e+02
2.046680424383284699e+05 1.597288068476326544e+02
2.143335296065724397e+05 1.652144427987576023e+02
2.244554712417014234e+05 1.708801737782476664e+02
2.350554234925890341e+05 1.767329292476433977e+02
2.461559605013331748e+05 1.827800984447687824e+02
2.577807224781783007e+05 1.890296929940041650e+02
2.699544660467883805e+05 1.954904961039040359e+02
2.827031169670791132e+05 2.021721134991434496e+02
2.960538253479014384e+05 2.090848497923345803e+02
3.100350234671537764e+05 2.162393794135766143e+02
3.246764863224556320e+05 2.236462580925466170e+02
3.400093950413436396e+05 2.313154064024433580e+02
3.560664032860224252e+05 2.392557501760629748e+02
3.728817067940970301e+05 2.474751792191752600e+02
3.904911162033721921e+05 2.559809569441763699e+02
4.089321333158235648e+05 2.647804337589353736e+02
4.282440309631454293e+05 2.738819432113068615e+02
4.484679366439690348e+05 2.832955859879194804e+02
4.696469201108552516e+05 2.930337175349221752e+02
4.918260850936083007e+05 3.031110303845286467e+02
5.150526653542397544e+05 3.135443105655653540e+02
5.393761252781385556e+05 3.243520370754343389e+02
5.648482652156871045e+05 3.355540288824983577e+02
5.915233317986500915e+05 3.471712989055463936e+02
6.194581334662813460e+05 3.592261801742112652e+02
6.487121614471622743e+05 3.717426813362210396e+02
6.793477164544418920e+05 3.847469462107135314e+02
7.114300413642764324e+05 3.982676412241544313e+02
7.450274601600419264e+05 4.123360254019728472e+02
7.802115234381986083e+05 4.269859379993742436e+02
8.170571607857113704e+05 4.422531845265044694e+02
8.556428403535225661e+05 4.581748364646967957e+02
8.960507359658979112e+05 4.747884372049572903e+02
9.383669021215598332e+05 4.921311417105210353e+02
9.826814572592714103e+05 5.102390022922217554e+02
1.029088775678184931e+06 5.291463584161183462e+02
1.077687688521644799e+06 5.488854117529679115e+02
1.128581694252508460e+06 5.694860929911985750e+02
1.181879179068192840e+06 5.909763446042237547e+02
1.237693647724876646e+06 6.133828622507222690e+02
1.296143965262394166e+06 6.367321390885593928e+02
1.357354610144657549e+06 6.610513821603932456e+02
1.421455939354682341e+06 6.863686786615752453e+02
1.488584466008751653e+06 7.127118114490264134e+02
1.558883150080990279e+06 7.401054356674686687e+02
1.632501702857444063e+06 7.685668312433532492e+02
1.709596905768081080e+06 7.981009293992084395e+02
1.790332944275660207e+06 8.286954927420226795e+02
1.874881757532600081e+06 8.603172889663609340e+02
1.963423404550436651e+06 8.929095062375079124e+02
2.056146447661729530e+06 9.263903004324521362e+02
2.153248354090986773e+06 9.606519616929613221e+02
2.254935916489889845e+06 9.955601376104655174e+02
2.361425693332378287e+06 1.030952729282406608e+03
2.472944470107430127e+06 1.066638361372039753e+03
2.589729742291809991e+06 1.102394585745689938e+03
2.712030221131263766e+06 1.137966125788227373e+03
2.840106363307363354e+06 1.173063507592106589e+03
2.974230925617907662e+06 1.207362388482092911e+03
3.114689545852270443e+06 1.240503834504470433e+03
3.261781351098661777e+06 1.272095757935501297e+03
3.415819594778853469e+06 1.301715723637641076e+03
3.577132323766923510e+06 1.328915106686153194e+03
3.746063077012869064e+06 1.353225215054464115e+03
3.922971617158858571e+06 1.374165033003503140e+03
4.108234696706128772e+06 1.391251078464511920e+03
4.302246860364334658e+06 1.404009448955732978e+03
4.505421285291955806e+06 1.411990165480002361e+03
4.718190661017267965e+06 1.414783823034580792e+03
4.941008110913651064e+06 1.412040387434257582e+03
5.174348157191837206e+06 1.403489683575534627e+03
5.418707731464097276e+06 1.388962751569590637e+03
5.674607233032423072e+06 1.368412783053808653e+03
5.942591637154668570e+06 1.341933862416777401e+03
6.223231655648713000e+06 1.309775357073498526e+03
6.517124952306446619e+06 1.272349604971863073e+03
6.824897415705778636e+06 1.230230701562227978e+03
7.147204492131576873e+06 1.184142742026405131e+03
7.484732581443954259e+06 1.134936855289294954e+03
7.838200498866803944e+06 1.083557654596310613e+03
8.208361005809417926e+06 1.031001156504208893e+03
8.596002412981579080e+06 9.782675042695187813e+02
9.001950259216083214e+06 9.263127297268142684e+02
9.427069069573814049e+06 8.760040841461800483e+02
9.872264196475833654e+06 8.280830813442141789e+02
1.033848374778318591e+07 7.831393892549875773e+02
1.082672060593075119e+07 7.415972640341635724e+02
1.133801454241486825e+07 7.037146195810238396e+02
1.187345443213825300e+07 6.695933562499305935e+02
1.243418057232764177e+07 6.391984683297514493e+02
1.302138711096290872e+07 6.123828437609780622e+02
1.363632458988895826e+07 5.889145858560065108e+02
1.428030260802677646e+07 5.685040373604591650e+02
1.495469261035516113e+07 5.508283327113626910e+02
1.566093080860236660e+07 5.355520752005307941e+02
1.640052123986826092e+07 5.223434896064121631e+02
1.717503896969032288e+07 5.108860304331523139e+02
1.798613344637522846e+07 5.008858740812545420e+02
1.883553201373903826e+07 4.920759918269183117e+02
1.972504358973756805e+07 4.842175885669329887e+02
2.065656251882055029e+07 4.770996850250318175e+02
2.163207260621418804e+07 4.705375111071195988e+02
2.265365134272307530e+07 4.643702464030271813e+02
2.372347432904953510e+07 4.584585133954869889e+02
2.484381990905232355e+07 4.526818918158084557e+02
2.601707402181141078e+07 4.469366269436845869e+02
2.724573528283293545e+07 4.411336266036546476e+02
2.853242030521471053e+07 4.351967801286124313e+02
2.987986927210512385e+07 4.290615974047271948e+02
3.129095177232191712e+07 4.226741428369263076e+02
3.276867291155969352e+07 4.159902255081621547e+02
3.431617971220006049e+07 4.089747946142473438e+02
3.593676781535438448e+07 4.016014937529619715e+02
3.763388849941111356e+07 3.938523231276930119e+02
3.941115603003592789e+07 3.857173641557297401e+02
4.127235535727713257e+07 3.771945234560570270e+02
4.322145017616753280e+07 3.682892585777671002e+02
4.526259136799059063e+07 3.590142587128449918e+02
4.740012584018651396e+07 3.493890480068379247e+02
4.963860578372505307e+07 3.394394934204398169e+02
5.198279836765865982e+07 3.291972123743985890e+02
5.443769589150359482e+07 3.186988742703868525e+02
5.700852641706863791e+07 3.079854089862994329e+02
5.970076490237458795e+07 2.971011446398148337e+02
6.252014486137407273e+07 2.860929014034481952e+02
6.547267057430481911e+07 2.750090718887630601e+02
6.856462987467934191e+07 2.638987111553770433e+02
7.180260754014137387e+07 2.528106539274088504e+02
7.519349931570935249e+07 2.417926670827277178e+02
7.874452659926950932e+07 2.308906376947835497e+02
8.246325182059496641e+07 2.201478025575469530e+02
8.635759454664042592e+07 2.096040295605264987e+02
9.043584834741404653e+07 1.992951868129318314e+02
9.470669845834222436e+07 1.892526386696263501e+02
9.917924027674423158e+07 1.795030672948158781e+02
1.038629987318042517e+08 1.700684500563431527e+02
1.087679485692958087e+08 1.609663436894024642e+02
1.139045355942563862e+08 1.522107772516531838e+02
1.192836989168491960e+08 1.438137087948247199e+02
1.249168942487923503e+08 1.357872947166414690e+02
1.308161182999649197e+08 1.281471647186265557e+02
1.369939343271487951e+08 1.209167758649601154e+02
1.434634988893122673e+08 1.141325756800783893e+02
1.502385898664193749e+08 1.078491615457515991e+02
1.573336358014314771e+08 1.021429901500639659e+02
1.647637466279920340e+08 9.711276651189659503e+01
1.725447458492290080e+08 9.287479226176412794e+01
1.806932042362103164e+08 8.955252232617711172e+01
1.892264751178151965e+08 8.726127793650567810e+01
1.981627313371733129e+08 8.609096853513429437e+01
2.075210039533819258e+08 6.737232374525996192e+01
2.173212227709191442e+08 6.323769938912477073e+01
2.275842587830627859e+08 5.934085762253076979e+01
2.383319686197117567e+08 5.569715466444991137e+01
2.495872410942622721e+08 5.224052763104023001e+01
2.613740459486695230e+08 4.900841883441940894e+01
2.737174849005029798e+08 4.596313447372099859e+01
2.866438451007142067e+08 4.309255401917146600e+01
3.001806551159467101e+08 4.040982928352122627e+01
3.143567435546322465e+08 3.785416384357161235e+01
3.292023004617099762e+08 3.546218332095044445e+01
3.447489416127240062e+08 3.319758044425124410e+01
3.610297758442220092e+08 3.104853692832175227e+01
3.780794755638446808e+08 2.900243666394753106e+01
3.959343505902656913e+08 2.704541038042459178e+01
4.146324254802453518e+08 2.516197613875156236e+01
4.342135205074525476e+08 2.336258654322442041e+01
4.547193364655430317e+08 2.158665323566131988e+01
4.761935434760716558e+08 2.001346496432655542e+01
4.986818739903761148e+08 1.846754087381888354e+01
5.222322201834924221e+08 1.692867173926400071e+01
5.468947359475148916e+08 1.537374789423897248e+01
5.727219437016220093e+08 1.377248831947693475e+01
5.997688462462049723e+08 1.208410685933092132e+01
6.280930438993498087e+08 1.076463398085641643e+01
6.577548571651020050e+08 1.013231330093953098e+01
6.888174551947647333e+08 9.519757062868555053e+00
7.213469903148063421e+08 8.957885668578354554e+00
7.554127389078713655e+08 8.411379102296020704e+00
7.910872489469387531e+08 7.910975404262212685e+00
8.284464944967778921e+08 7.418070640440967978e+00
8.675700375117969513e+08 6.973147582246680187e+00
9.085411972748085260e+08 6.556678361611740335e+00
9.514472278375779390e+08 6.161013455729301924e+00
9.963795038410329819e+08 5.783792652897054687e+00
1.043433715110870838e+09 5.422804716488816013e+00
1.092710070442972898e+09 5.076592186602082890e+00
1.144313511012648106e+09 4.741421321345544726e+00
1.198353933862122536e+09 4.413639763545806893e+00
1.254946425942314863e+09 4.091114404817091099e+00
1.314211509207254171e+09 3.766490964611441505e+00
1.376275397283133984e+09 3.435684052838731350e+00
1.441270264258611917e+09 3.121582324559339039e+00
1.509334526168774366e+09 2.762371525638787961e+00
1.580613135772266388e+09 2.361862646171256852e+00
1.655257891249267101e+09 1.957974469856356592e+00
1.733427759477844954e+09 1.862602993759882253e+00
1.815289214577071428e+09 1.752135050231951263e+00
1.901016592437902451e+09 1.665358979193956035e+00
1.990792461996848822e+09 1.565597637936910536e+00
2.084808014043107271e+09 1.488613043906752864e+00
2.183263468387225151e+09 1.397379951565940193e+00
2.286368500258296013e+09 1.329098985788224718e+00
2.394342686837931156e+09 1.244271577636939519e+00
2.507415974881839275e+09 1.187031756185240150e+00
2.625829170424930573e+09 1.098748532357511243e+00
2.749834451612841129e+09 1.054402882237069683e+00
2.879695905752018929e+09 1.006794032902093239e+00
3.015690091722095966e+09 9.296401173398314288e-01
3.158106628948345184e+09 8.862427798610834628e-01
3.307248814188357353e+09 7.833233629941358522e-01
3.463434267446705818e+09 7.818249528187455333e-01
3.626995608392990589e+09 7.510385870200941838e-01
3.798281164723871231e+09 7.048649799399478999e-01
3.977655713977623463e+09 6.069039953807078280e-01
4.165501260381020069e+09 6.202796478450037787e-01
4.362217848383030891e+09 6.102271615274963423e-01
4.568224414607642174e+09 5.733476738160173669e-01
4.783959680040474892e+09 4.122973104708873571e-01
5.009883084349004745e+09 4.317614286929732925e-01
5.246475764326247215e+09 4.495032197704458832e-01
5.494241578541628838e+09 4.609480359742884059e-01
5.753708180381171227e+09 4.539378028235993012e-01
6.025428141762315750e+09 3.416106373060707746e-01
6.309980129916164398e+09 2.533174359752853322e-01
6.607970139743709564e+09 2.534907358693324619e-01
6.920032784370217323e+09 2.676408879776243088e-01
7.246832646646299362e+09 2.814767811580339285e-01
7.589065694473884583e+09 2.944340511637679736e-01
7.947460762971224785e+09 6.820619425646558265e-02
8.322781106633397102e+09 2.539204538896132068e-01
8.715826024794042587e+09 2.265446488843645689e-01
9.127432563849508286e+09 1.833436103266886941e-01
9.558477299871191025e+09 1.318036772367409959e-01
1.000987820540190697e+10 9.130756406663595448e-02
1.048259660441212273e+10 9.724000648377129075e-02
1.097763921957935524e+10 1.036350361705897227e-01
1.149606031625067902e+10 1.104769285561327946e-01
1.203896394765452385e+10 1.133900598337527071e-01
1.260750630614253807e+10 1.153057137076614752e-01
1.320289818546976662e+10 1.167435940150647888e-01
1.382640755935625458e+10 1.175062242625652398e-01
1.447936228182175446e+10 1.173557157050362787e-01
1.516315291504423523e+10 1.160099820084150302e-01
1.587923569076451874e+10 1.131380338664901702e-01
1.662913561154409409e+10 1.067632744595276573e-01
1.741444969847980881e+10 9.390535863342772127e-02
1.823685039229312515e+10 7.433247679380873552e-02
1.909808911503615570e+10 5.174952859826859042e-02
2.000000000000000000e+10 3.164821903531940539e-02
