2.000000000000000000e+00 7.148728983193950448e-01
2.046680424383283903e+00 7.315467065392367019e-01
2.094450379776869653e+00 7.482004602525678116e-01
2.143335296065727036e+00 7.641266306062837188e-01
2.193361196673736746e+00 7.539005243600601647e-01
2.244554712417015541e+00 8.020884880102316927e-01
2.296943095680578750e+00 8.224882023910364826e-01
2.350554234925890551e+00 8.427938076692574887e-01
2.405416669537023378e+00 8.635606080720085176e-01
2.461559605013330376e+00 8.848172614878491160e-01
2.519012928516715988e+00 9.064586886755493511e-01
2.577807224781785589e+00 9.284442339915819353e-01
2.637973792397340311e+00 9.504195974030439364e-01
2.699544660467884771e+00 9.725285986946753392e-01
2.762552605664019278e+00 9.945622027886895644e-01
2.827031169670791044e+00 1.016097897782233028e+00
2.893014677043293403e+00 1.036988883789074833e+00
2.960538253479018334e+00 1.056882656452612368e+00
3.029637844516691825e+00 1.074925889356437292e+00
3.100350234671540139e+00 1.053185681010829100e+00
3.172713067017181032e+00 1.108188757079605624e+00
3.246764863224557374e+00 1.115916924648040709e+00
3.322545044068585973e+00 1.131003280110693954e+00
3.400093950413435095e+00 1.144600978671596270e+00
3.479452864687603064e+00 1.153290528773738721e+00
3.560664032860227923e+00 1.160508827120777076e+00
3.643770686930333458e+00 1.166839534843272075e+00
3.728817067940972674e+00 1.173391748328678652e+00
3.815848449530531372e+00 1.180266437276247471e+00
3.904911162033722238e+00 1.187866821288592112e+00
3.996052617145100516e+00 1.196988259563290580e+00
4.089321333158233429e+00 1.207293268843895984e+00
4.184766960793955271e+00 1.218918848975327540e+00
4.282440309631458497e+00 1.231372313130824292e+00
4.382393375156298454e+00 1.221652123778045995e+00
4.484679366439691783e+00 1.263577425923563036e+00
4.589352734463872707e+00 1.280373951579489411e+00
4.696469201108552483e+00 1.301046903493638274e+00
4.806085788813937221e+00 1.324770077048319283e+00
4.918260850936089668e+00 1.347871390470749553e+00
5.033054102810782915e+00 1.372033661584294739e+00
5.150526653542401689e+00 1.397251043456279929e+00
5.270741038534788814e+00 1.423085657651915081e+00
5.393761252781386517e+00 1.447315173110118591e+00
5.519652784932360667e+00 1.472357110425005722e+00
5.648482652156870287e+00 1.506113598044398039e+00
5.780319435819019525e+00 1.535005864633704808e+00
5.915233317986507977e+00 1.563813337483689780e+00
6.053296118791383407e+00 1.591643276608455837e+00
6.194581334662817795e+00 1.585326504401441072e+00
6.339164177452231819e+00 1.646446807079293029e+00
6.487121614471623054e+00 1.668265527648504110e+00
6.638532409466377793e+00 1.694612286151023106e+00
6.793477164544415636e+00 1.722133651731954540e+00
6.952038363083956618e+00 1.745540527398469655e+00
7.114300413642771659e+00 1.768350736580836191e+00
7.280349694892280787e+00 1.791145564558306758e+00
7.450274601600423097e+00 1.814034795648630016e+00
7.624165591687778409e+00 1.814141665769968714e+00
7.802115234381984621e+00 1.856094604178251339e+00
7.984218259496103087e+00 1.891905700144303593e+00
8.170571607857125329e+00 1.921153630565389347e+00
8.361274482911515094e+00 1.951278718608139284e+00
8.556428403535232263e+00 1.982066918306863545e+00
8.756137258076337915e+00 1.993923114903972449e+00
8.960507359658981485e+00 2.047978536512671699e+00
9.169647502778191850e+00 2.080882158148220640e+00
9.383669021215595762e+00 2.114536608680280594e+00
9.602685847306904776e+00 2.150603370483324728e+00
9.826814572592725838e+00 2.163018844575056221e+00
1.005617450988495776e+01 2.218096771866203909e+00
1.029088775678185463e+01 2.252248707967471564e+00
1.053107926066551414e+01 2.285254566015031852e+00
1.077687688521644738e+01 2.300007726070915304e+00
1.102841147848060110e+01 2.347150007142212225e+00
1.128581694252507894e+01 2.387930563063390021e+00
1.154923030471964296e+01 2.424610185511806737e+00
1.181879179068194219e+01 2.460990925261206552e+00
1.209464489892529571e+01 2.491701526190870819e+00
1.237693647724877266e+01 2.511679648885939198e+00
1.266581680091023010e+01 2.580223672516794409e+00
1.296143965262393927e+01 2.618096910502752284e+00
1.326396240442534413e+01 2.659181383904601237e+00
1.357354610144659368e+01 2.702819103642107645e+00
1.389035554764739189e+01 2.719718521153096535e+00
1.421455939354683373e+01 2.767296106464102845e+00
1.454633022600291525e+01 2.828219588505497040e+00
1.488584466008751939e+01 2.871920078871025517e+00
1.523328343310578425e+01 2.897208630033121235e+00
1.558883150080989743e+01 2.955060229114327974e+00
1.595267813585855343e+01 3.008051914073887279e+00
1.632501702857445736e+01 3.037005498890905208e+00
1.670604639005355452e+01 3.101498213597541298e+00
1.709596905768081854e+01 3.132613289019796632e+00
1.749499260310883386e+01 3.182353219160488411e+00
1.790332944275660410e+01 3.248714938753209935e+00
1.832119695088741551e+01 3.296670032699740016e+00
1.874881757532599025e+01 3.344971908156249452e+00
1.918641895587648705e+01 3.402460443321527084e+00
1.963423404550438534e+01 3.437840200264469903e+00
2.009250123434681612e+01 3.484787701453468056e+00
2.056146447661730647e+01 3.559648456384139514e+00
2.104137342047245696e+01 3.618298072935571597e+00
2.153248354090986538e+01 3.662896145316612895e+00
2.203505627576773662e+01 3.729209257534035871e+00
2.254935916489893444e+01 3.790871567298184086e+00
2.307566599259321549e+01 3.829663676897282265e+00
2.361425693332379439e+01 3.910103998416021298e+00
2.416541870089553257e+01 3.965349643839490845e+00
2.472944470107429993e+01 4.010430825751964967e+00
2.530663518777885912e+01 4.093105109060317659e+00
2.589729742291808634e+01 4.158989320319526506e+00
2.650174583995906374e+01 4.221117336077246485e+00
2.712030221131266572e+01 4.280858223774445470e+00
2.775329581962617098e+01 4.340168495445986707e+00
2.840106363307364745e+01 4.413859724561050690e+00
2.906395048473792286e+01 4.495398542192267755e+00
2.974230925617907673e+01 4.565199525771036271e+00
3.043650106528772525e+01 4.625726582198878667e+00
3.114689545852268537e+01 4.708038755992970614e+00
3.187387060763548874e+01 4.783238710966761786e+00
3.261781351098665027e+01 4.838140759286194914e+00
3.337912019956048226e+01 4.938175024514637634e+00
3.415819594778855617e+01 5.005386172478692330e+00
3.495545548929361956e+01 5.082948862195881823e+00
3.577132323766923605e+01 5.158415626332343074e+00
3.660623351241223844e+01 5.256355666262058079e+00
3.746063077012875198e+01 5.338149821616647195e+00
3.833496984113629935e+01 5.411419069326295350e+00
3.922971617158860624e+01 5.497451506768876506e+00
4.014534607125138876e+01 5.567378143811607671e+00
4.108234696706128375e+01 5.683382873497332177e+00
4.204121766260316662e+01 5.770920816544383491e+00
4.302246860364332548e+01 5.856558461957696693e+00
4.402662214986062850e+01 5.958445920244817451e+00
4.505421285291960487e+01 6.048487141244488718e+00
4.610578774103417032e+01 6.135451025635989986e+00
4.718190661017270315e+01 6.244275560458587115e+00
4.828314232206037815e+01 6.343459073766634759e+00
4.941008110913650597e+01 6.426655893584425350e+00
5.056332288662998309e+01 6.544037225341117647e+00
5.174348157191845132e+01 6.650674647140047746e+00
5.295118541134133494e+01 6.751544747136445146e+00
5.418707731464103006e+01 6.843940046899525953e+00
5.545181519720964758e+01 6.948038366145736333e+00
5.674607233032426024e+01 7.070465247159363642e+00
5.807053769955627587e+01 7.190458577891869929e+00
5.942591637154668405e+01 7.306138255339497789e+00
6.081292986934133893e+01 7.415136977790670159e+00
6.223231655648722693e+01 7.536083256127086294e+00
6.368483203009306237e+01 7.651395810740678094e+00
6.517124952306448904e+01 7.770925693864678685e+00
6.669236031572728507e+01 7.897613339136514199e+00
6.824897415705778769e+01 8.017927849339661961e+00
6.984191969574543180e+01 8.149452819455101249e+00
7.147204492131572806e+01 8.275404495868901478e+00
7.314021761554982959e+01 8.408976376736523761e+00
7.484732581443961408e+01 8.538939167653669671e+00
7.659427828092562152e+01 8.674584299524129349e+00
7.838200498866808630e+01 8.801442752969482086e+00
8.021145761710991451e+01 8.939133933665850407e+00
8.208361005809418032e+01 9.086998727235007678e+00
8.399945893430607669e+01 9.232487458389865509e+00
8.596002412981592045e+01 9.370924598889098789e+00
8.796634933300447301e+01 9.516289688137606007e+00
9.001950259216093286e+01 9.672459836897889573e+00
9.212057688404800615e+01 9.816922059200109629e+00
9.427069069573819604e+01 9.975231198375279718e+00
9.647098862002934538e+01 1.013019225294090297e+01
9.872264196475833842e+01 1.028356891192641065e+01
1.010268493763352780e+02 1.044978641975410660e+01
1.033848374778319652e+02 1.060782343316687282e+01
1.057978615219630143e+02 1.077105394884796929e+01
1.082672060593075685e+02 1.094055183661120623e+01
1.107941856221280688e+02 1.110559928015025122e+01
1.133801454241486795e+02 1.127826088824732231e+01
1.160264620766675705e+02 1.145294828487468486e+01
1.187345443213824581e+02 1.162858040228247702e+01
1.215058337803214812e+02 1.180607455916700310e+01
1.243418057232765364e+02 1.198665488962200243e+01
1.272439698531497783e+02 1.216996671825459408e+01
1.302138711096291672e+02 1.235592983986287230e+01
1.332530904916229986e+02 1.254434808313823169e+01
1.363632458988895735e+02 1.273396902897626859e+01
1.395459929933106764e+02 1.292644567187269011e+01
1.428030260802679834e+02 1.312144411516103304e+01
1.461360790105899810e+02 1.331805033658559978e+01
1.495469261035517547e+02 1.351710721143040850e+01
1.530373830914164444e+02 1.371873665745345505e+01
1.566093080860237308e+02 1.392292418755059735e+01
1.602646025679377431e+02 1.412923516364341481e+01
1.640052123986826018e+02 1.433740100701850828e+01
1.678331288566031390e+02 1.454762473502053766e+01
1.717503896969034258e+02 1.476082375312681449e+01
1.757590802364263993e+02 1.497501690366170735e+01
1.798613344637523710e+02 1.519190966337975368e+01
1.840593361752083013e+02 1.541136829758316296e+01
1.883553201373903789e+02 1.563314629480218976e+01
1.927515732768217731e+02 1.585511725028043983e+01
1.972504358973755814e+02 1.607916513160702721e+01
2.018543029261141726e+02 1.630707223083609492e+01
2.065656251882057006e+02 1.653590898897412842e+01
2.113869107115976647e+02 1.676502181388105583e+01
2.163207260621418868e+02 1.699782881210323637e+01
2.213696977098823879e+02 1.723168180880950473e+01
2.265365134272307444e+02 1.746813296153726114e+01
2.318239237197771558e+02 1.770561170269626672e+01
2.372347432904956008e+02 1.794558377476234767e+01
2.427718525381255290e+02 1.818725827099978432e+01
2.484381990905234829e+02 1.843031716206582971e+01
2.542367993738057805e+02 1.867562264148701701e+01
2.601707402181141333e+02 1.892295524441304622e+01
2.662431805008615129e+02 1.917224117692408569e+01
2.724573528283293626e+02 1.942346430679722857e+01
2.788165652565154460e+02 1.967727335670529598e+01
2.853242030521473680e+02 1.993287674369171469e+01
2.919837304947957364e+02 2.019073271435389927e+01
2.987986927210515660e+02 2.045261447130331689e+01
3.057727176117459180e+02 2.071677311186728332e+01
3.129095177232191531e+02 2.098409355507608254e+01
3.202128922636635480e+02 2.125613445161558346e+01
3.276867291155969610e+02 2.153197356724475497e+01
3.353350069055398421e+02 2.181231164114895904e+01
3.431617971220009622e+02 2.209810814191583361e+01
3.511712662828937823e+02 2.238999338751218460e+01
3.593676781535438636e+02 2.268716062065060868e+01
3.677553960164653972e+02 2.299073596354409332e+01
3.763388849941111403e+02 2.330254865163832534e+01
3.851227144258397175e+02 2.362166037400314522e+01
3.941115603003596561e+02 2.394991485791827301e+01
4.033102077449493095e+02 2.428848489899911911e+01
4.127235535727717206e+02 2.463448988505002291e+01
4.223566088896488964e+02 2.499233584407378217e+01
4.322145017616753080e+02 2.536137283054241109e+01
4.423024799450977298e+02 2.574253143536974875e+01
4.526259136799059206e+02 2.613541968512550540e+01
4.631902985486304374e+02 2.654057618266521601e+01
4.740012584018655843e+02 2.695951520564048920e+01
4.850645483520705739e+02 2.739038576386371204e+01
4.963860578372510304e+02 2.783420850044754147e+01
5.079718137561447975e+02 2.828963295795172428e+01
5.198279836765865412e+02 2.875844482860325613e+01
5.319608791187516772e+02 2.923856179676447198e+01
5.443769589150359707e+02 2.973035682116801226e+01
5.570828326483532464e+02 3.023187633798586660e+01
5.700852641706869690e+02 3.074257001483077900e+01
5.833911752037591896e+02 3.126058230208093391e+01
5.970076490237458984e+02 3.178554516406608954e+01
6.109419342319936277e+02 3.231575049046536208e+01
6.252014486137406948e+02 3.284939235694750437e+01
6.397937830869075242e+02 3.338652709931395890e+01
6.547267057430489103e+02 3.392542466939187307e+01
6.700081659826265650e+02 3.446530631177862602e+01
6.856462987467941730e+02 3.500532991545961181e+01
7.016494288479584611e+02 3.554687392902265231e+01
7.180260754014136637e+02 3.608925421999311567e+01
7.347849563604148670e+02 3.663432805491592603e+01
7.519349931570934586e+02 3.718425436482193902e+01
7.694853154517003304e+02 3.774065906258939407e+01
7.874452659926959086e+02 3.830908351968022174e+01
8.058244055902695209e+02 3.889221335865615714e+01
8.246325182059504186e+02 3.949338483344428141e+01
8.438796161610048330e+02 4.011317803704601204e+01
8.635759454664042778e+02 4.075135766125379888e+01
8.837319912771882855e+02 4.140599060738966131e+01
9.043584834741403711e+02 4.207576404272994353e+01
9.254664023757377436e+02 4.276072762260486826e+01
9.470669845834232774e+02 4.346080143810419827e+01
9.691717289632991879e+02 4.417551510227670519e+01
9.917924027674423542e+02 4.490629147886034644e+01
1.014941047898093188e+03 4.565713558146900652e+01
1.038629987318042367e+03 4.642646026247786750e+01
1.062871831610648314e+03 4.721632234894505586e+01
1.087679485692959133e+03 4.802763648104213701e+01
1.113066155685529111e+03 4.886361680733595847e+01
1.139045355942565038e+03 4.972336037294902411e+01
1.165630916246169136e+03 5.060754774503304532e+01
1.192836989168491982e+03 5.151429008401704124e+01
1.220678057605724234e+03 5.244020132473882256e+01
1.249168942487923687e+03 5.338027360349760642e+01
1.278324810668799728e+03 5.432945804756094788e+01
1.308161182999650464e+03 5.528354194207152261e+01
1.338693942591732139e+03 5.623884468088464672e+01
1.369939343271489406e+03 5.719319279988135918e+01
1.401914018233123670e+03 5.814375836567533185e+01
1.434634988893122454e+03 5.908815865399549239e+01
1.468119673951442337e+03 6.002322320458958416e+01
1.502385898664193746e+03 6.094528604140100470e+01
1.537451904332745698e+03 6.185003708563964864e+01
1.573336358014316374e+03 6.273322815681719078e+01
1.610058362459196132e+03 6.358684822338558007e+01
1.647637466279920318e+03 6.440635846425702482e+01
1.686093674357793361e+03 6.518494332450680417e+01
1.725447458492290025e+03 6.591530353938560438e+01
1.765719768299029965e+03 6.658961338001185482e+01
1.806932042362104994e+03 6.719961936023453575e+01
1.849106219646714180e+03 6.773660070898671393e+01
1.892264751178153801e+03 6.819157053936952195e+01
1.936430611993417187e+03 6.855524842313182887e+01
1.981627313371733180e+03 6.881806861654435181e+01
2.027878915350583384e+03 6.897107832277147565e+01
2.075210039533823419e+03 6.900457390501587440e+01
2.123645882198767140e+03 6.890993149235551130e+01
2.173212227709193485e+03 6.867874627182668235e+01
2.223935462241398000e+03 6.830429796477780258e+01
2.275842587830630237e+03 6.778059424855904069e+01
2.328961236745371025e+03 6.710370997246070601e+01
2.383319686197117335e+03 6.627240559934682551e+01
2.438946873393476380e+03 6.528795136288125889e+01
2.495872410942622992e+03 6.415553213518577991e+01
2.554126602617286608e+03 6.288329662832800437e+01
2.613740459486692544e+03 6.148275673939523500e+01
2.674745716424992679e+03 5.996898016555289246e+01
2.737174849005035412e+03 5.835935507570405179e+01
2.801061090786439308e+03 5.667230642350241965e+01
2.866438451007147705e+03 5.492758813063223045e+01
2.933341732687937110e+03 5.314365602928751287e+01
3.001806551159470018e+03 5.133873265309749456e+01
3.071869353021793813e+03 4.952827599002460346e+01
3.143567435546325669e+03 4.772592537659929945e+01
3.216938966530710331e+03 4.594355006707502298e+01
3.292023004617099559e+03 4.418963945942728344e+01
3.368859520084630276e+03 4.247124478308105466e+01
3.447489416127239565e+03 4.079408598552048204e+01
3.527954550628086963e+03 3.916106430607988642e+01
3.610297758442216491e+03 3.757550672072075315e+01
3.694562874199268208e+03 3.603892886223538028e+01
3.780794755638442894e+03 3.455072262235005098e+01
3.869039307488088525e+03 3.311223012618690831e+01
3.959343505902665129e+03 3.172232334090287509e+01
4.051755423470034202e+03 3.038049225179934609e+01
4.146324254802458199e+03 2.908588361795875699e+01
4.243100342724900656e+03 2.783731034247758984e+01
4.342135205074529949e+03 2.663393538833399532e+01
4.443481562125769415e+03 2.547493556266323012e+01
4.547193364655430742e+03 2.435853033036725535e+01
4.653325822662915925e+03 2.328362031570930313e+01
4.761935434760716817e+03 2.224944838461453855e+01
4.873080018250931971e+03 2.125433893132002083e+01
4.986818739903756068e+03 2.029773860664034046e+01
5.103212147454367368e+03 1.937824825676266727e+01
5.222322201834918815e+03 1.849459344186753640e+01
5.344212310158864966e+03 1.764553813042246588e+01
5.468947359475159828e+03 1.683042763784875007e+01
5.596593751310231710e+03 1.604773021875674388e+01
5.727219437016231495e+03 1.529665147232758038e+01
5.860893953944282657e+03 1.457569115529719994e+01
5.997688462462055213e+03 1.388405296851988702e+01
6.137675783835284165e+03 1.322029321513783273e+01
6.280930438993504140e+03 1.258360606445169338e+01
6.427528688200551187e+03 1.197273408805758343e+01
6.577548571651020211e+03 1.138636799130977550e+01
6.731069951014188518e+03 1.082339954676363369e+01
6.888174551947639884e+03 1.028269826069918480e+01
7.048946007603168255e+03 9.762960027935866592e+00
7.213469903148055892e+03 9.262976275238965940e+00
7.381833821325556528e+03 8.781353279483930407e+00
7.554127389078728811e+03 8.316891693065795010e+00
7.730442325262523809e+03 7.868195318801350702e+00
7.910872489469403263e+03 7.433735081778152676e+00
8.095513931994644736e+03 7.012211314041195465e+00
8.284464944967787233e+03 6.601901159755429127e+00
8.477826114677556689e+03 6.201258947223697859e+00
8.675700375117978183e+03 5.808606025723866750e+00
8.878193062784332142e+03 5.422197458481156751e+00
9.085411972748086555e+03 5.040285178818202816e+00
9.297467416040513854e+03 4.661522082155759250e+00
9.514472278375778842e+03 4.284584230817338302e+00
9.736542080244556928e+03 3.909426764931760001e+00
9.963795038410320558e+03 3.537071863968839214e+00
1.019635212884085013e+04 3.169676083148616375e+00
1.043433715110869889e+04 2.810925994943909156e+00
1.067787679429469972e+04 2.465126984459205861e+00
1.092710070442975120e+04 2.137174131279593325e+00
1.118214155351058616e+04 1.831459408027768854e+00
1.144313511012649178e+04 1.551165360312243502e+00
1.171022031173447613e+04 1.298400625421893384e+00
1.198353933862123813e+04 1.073149311859442179e+00
1.226323768959154950e+04 8.740581508330735883e-01
1.254946425942315000e+04 6.984664402987786902e-01
1.284237141812951631e+04 5.435625760819265961e-01
1.314211509207254130e+04 4.068925537124497005e-01
1.344885484696849926e+04 2.878491721039541651e-01
1.376275397283132588e+04 1.889309357233565634e-01
1.408397957089857664e+04 1.143732185765173187e-01
1.441270264258610405e+04 6.454772038503293896e-02
1.474909818051909315e+04 3.424757993105938259e-02
1.509334526168777302e+04 1.725259852156146509e-02
1.544562714277728446e+04 8.251515219047819011e-03
1.580613135772269561e+04 3.708818253618677285e-03
1.617504981754089749e+04 1.652111379265849573e-03
1.655257891249268869e+04 9.255284560412200927e-04
1.693891961662916947e+04 7.023088519777588622e-04
1.733427759477846485e+04 5.512144007174178640e-04
1.773886331202940710e+04 4.031857336243996966e-04
1.815289214577071471e+04 2.693074229746056326e-04
1.857658450034499765e+04 1.645720405248609828e-04
1.901016592437900545e+04 9.406778261936049102e-05
1.945386723085233825e+04 5.221249582505774293e-05
1.990792461996846760e+04 3.085738151773457252e-05
2.037257980489372858e+04 2.050389229274735993e-05
2.084808014043111689e+04 1.480430277276453296e-05
2.133467875469714272e+04 1.646439734435905554e-05
2.183263468387229659e+04 1.097662270843333514e-05
2.234221301009648232e+04 6.690146708871029535e-06
2.286368500258300628e+04 3.076821991459992851e-06
2.339732826202611614e+04 2.280561856740282911e-07
2.394342686837931251e+04 2.280561856740282911e-07
2.450227153208235541e+04 2.280561856740282911e-07
2.507415974881839429e+04 2.280561856740282911e-07
2.565939595788294901e+04 2.280561856740282911e-07
2.625829170424930635e+04 2.280561856740282911e-07
2.687116580441652695e+04 2.280561856740282911e-07
2.749834451612841076e+04 2.280561856740282911e-07
2.814016171205367209e+04 2.280561856740282911e-07
2.879695905752013277e+04 2.280561856740282911e-07
2.946908619239668769e+04 2.280561856740282911e-07
3.015690091722102079e+04 2.280561856740282911e-07
3.086076938367128969e+04 2.280561856740282911e-07
3.158106628948351499e+04 2.280561856740282911e-07
3.231817507791838216e+04 2.280561856740282911e-07
3.307248814188357210e+04 2.280561856740282911e-07
3.384440703282070899e+04 2.280561856740282911e-07
3.463434267446705780e+04 2.280561856740282911e-07
3.544271558160716813e+04 2.280561856740282911e-07
3.626995608392990835e+04 2.280561856740282911e-07
3.711650455511037580e+04 2.280561856740282911e-07
3.798281164723871188e+04 2.280561856740282911e-07
3.886933853072036436e+04 2.280561856740282911e-07
3.977655713977615233e+04 2.280561856740282911e-07
4.070495042367151473e+04 2.280561856740282911e-07
4.165501260381028987e+04 2.280561856740282911e-07
4.262724943682875164e+04 2.280561856740282911e-07
4.362217848383040109e+04 2.280561856740282911e-07
4.464032938590468984e+04 2.280561856740282911e-07
4.568224414607651124e+04 2.280561856740282911e-07
4.674847741783624951e+04 2.280561856740282911e-07
4.783959680040474632e+04 2.280561856740282911e-07
4.895618314088880288e+04 2.280561856740282911e-07
5.009883084349004639e+04 2.280561856740282911e-07
5.126814818593030213e+04 2.280561856740282911e-07
5.246475764326247008e+04 2.280561856740282911e-07
5.368929621923930245e+04 2.280561856740282911e-07
5.494241578541617491e+04 2.280561856740282911e-07
5.622478342816922668e+04 2.280561856740282911e-07
5.753708180381183047e+04 2.280561856740282911e-07
5.888000950200067746e+04 2.280561856740282911e-07
6.025428141762328596e+04 2.280561856740282911e-07
6.166062913136553834e+04 2.280561856740282911e-07
6.309980129916177248e+04 2.280561856740282911e-07
6.457256405073453789e+04 2.280561856740282911e-07
6.607970139743709296e+04 2.280561856740282911e-07
6.762201564961363329e+04 2.280561856740282911e-07
6.920032784370217996e+04 2.280561856740282911e-07
7.081547817930539895e+04 2.280561856740282911e-07
7.246832646646299690e+04 2.280561856740282911e-07
7.415975258336344268e+04 2.280561856740282911e-07
7.589065694473884651e+04 2.280561856740282911e-07
7.766196098119202361e+04 2.280561856740282911e-07
7.947460762971208896e+04 2.280561856740282911e-07
8.132956183563708328e+04 2.280561856740282911e-07
8.322781106633413583e+04 2.280561856740282911e-07
8.517036583686829545e+04 2.280561856740282911e-07
8.715826024794059049e+04 2.280561856740282911e-07
8.919255253638191789e+04 2.280561856740282911e-07
9.127432563849508006e+04 2.280561856740282911e-07
9.340468776654661633e+04 2.280561856740282911e-07
9.558477299871189462e+04 2.280561856740282911e-07
9.781574188279180089e+04 2.280561856740282911e-07
1.000987820540190733e+05 2.280561856740282911e-07
1.024351088672848273e+05 2.280561856740282911e-07
1.048259660441212327e+05 2.280561856740282911e-07
1.072726263347846834e+05 2.280561856740282911e-07
1.097763921957933198e+05 2.280561856740282911e-07
1.123385964832760801e+05 2.280561856740282911e-07
1.149606031625070173e+05 2.280561856740282911e-07
1.176438080339991138e+05 2.280561856740282911e-07
1.203896394765454897e+05 2.280561856740282911e-07
1.231995592076033790e+05 2.280561856740282911e-07
1.260750630614256370e+05 2.280561856740282911e-07
1.290176817853537214e+05 2.280561856740282911e-07
1.320289818546976603e+05 2.280561856740282911e-07
1.351105663066327979e+05 2.280561856740282911e-07
1.382640755935625639e+05 2.280561856740282911e-07
1.414911884563975618e+05 2.280561856740282911e-07
1.447936228182175255e+05 2.280561856740282911e-07
1.481731366987913498e+05 2.280561856740282911e-07
1.516315291504420456e+05 2.280561856740282911e-07
1.551706412157565646e+05 2.280561856740282911e-07
1.587923569076455024e+05 2.280561856740282911e-07
1.624986042122809449e+05 2.280561856740282911e-07
1.662913561154412746e+05 2.280561856740282911e-07
1.701726316528116295e+05 2.280561856740282911e-07
1.741444969847984321e+05 2.280561856740282911e-07
1.782090664964300813e+05 2.280561856740282911e-07
1.823685039229312388e+05 2.280561856740282911e-07
1.866250235015648068e+05 2.280561856740282911e-07
1.909808911503615673e+05 2.280561856740282911e-07
1.954384256743599253e+05 2.280561856740282911e-07
2.000000000000000000e+05 2.280561856740282911e-07
