2.000000000000000000e+00 3.682708780976141211e-02
2.046680424383283903e+00 3.869808575985562993e-02
2.094450379776869653e+00 3.801097507962326871e-02
2.143335296065727036e+00 3.880100616094701860e-02
2.193361196673736746e+00 4.036989149841693769e-02
2.244554712417015541e+00 3.971972344150671158e-02
2.296943095680578750e+00 4.062679048004454868e-02
2.350554234925890551e+00 4.020991823146551764e-02
2.405416669537023378e+00 4.298162385278800346e-02
2.461559605013330376e+00 4.450876300140226699e-02
2.519012928516715988e+00 4.486425741326856981e-02
2.577807224781785589e+00 4.409622588158228218e-02
2.637973792397340311e+00 4.494297019589198194e-02
2.699544660467884771e+00 4.425874095527580765e-02
2.762552605664019278e+00 4.850743859925751855e-02
2.827031169670791044e+00 4.652229617816754786e-02
2.893014677043293403e+00 4.865410052098000093e-02
2.960538253479018334e+00 5.023150370730916636e-02
3.029637844516691825e+00 5.013577183615199745e-02
3.100350234671540139e+00 5.221514189234530839e-02
3.172713067017181032e+00 5.413125319946564956e-02
3.246764863224557374e+00 5.562462574945788857e-02
3.322545044068585973e+00 5.562527459468301350e-02
3.400093950413435095e+00 5.461986442191917729e-02
3.479452864687603064e+00 5.672937420229658828e-02
3.560664032860227923e+00 5.794992196760749559e-02
3.643770686930333458e+00 5.838165916691664264e-02
3.728817067940972674e+00 6.022062026961221004e-02
3.815848449530531372e+00 6.025978442854985906e-02
3.904911162033722238e+00 6.242985719383765258e-02
3.996052617145100516e+00 6.360631647395649513e-02
4.089321333158233429e+00 6.637648066964473015e-02
4.184766960793955271e+00 6.493855698616378402e-02
4.282440309631458497e+00 6.659730131237100170e-02
4.382393375156298454e+00 6.850977741169149426e-02
4.484679366439691783e+00 6.980495513359058490e-02
4.589352734463872707e+00 7.089359610566697834e-02
4.696469201108552483e+00 6.940398981745858620e-02
4.806085788813937221e+00 7.356198158336625659e-02
4.918260850936089668e+00 7.473345943616871434e-02
5.033054102810782915e+00 7.588629213854744537e-02
5.150526653542401689e+00 7.656815652217914547e-02
5.270741038534788814e+00 7.880867655423837159e-02
5.393761252781386517e+00 7.939926092976126726e-02
5.519652784932360667e+00 8.161730925601880238e-02
5.648482652156870287e+00 8.085914688803967632e-02
5.780319435819019525e+00 8.343138213918263602e-02
5.915233317986507977e+00 8.552009475831148788e-02
6.053296118791383407e+00 8.741565913928418807e-02
6.194581334662817795e+00 8.770384785703359831e-02
6.339164177452231819e+00 9.095595074718768047e-02
6.487121614471623054e+00 9.249980342745645068e-02
6.638532409466377793e+00 9.354326149506407562e-02
6.793477164544415636e+00 9.526276865716476472e-02
6.952038363083956618e+00 9.811918100938343823e-02
7.114300413642771659e+00 9.877270642544841439e-02
7.280349694892280787e+00 9.703617588986734876e-02
7.450274601600423097e+00 1.021625256281038091e-01
7.624165591687778409e+00 1.033955481058216469e-01
7.802115234381984621e+00 1.057875267283076709e-01
7.984218259496103087e+00 1.072073521196959395e-01
8.170571607857125329e+00 1.107717437877254046e-01
8.361274482911515094e+00 1.102308865562778573e-01
8.556428403535232263e+00 1.127697703339539947e-01
8.756137258076337915e+00 1.167679980433704023e-01
8.960507359658981485e+00 1.164582402532722688e-01
9.169647502778191850e+00 1.189261916326786878e-01
9.383669021215595762e+00 1.197072203595337392e-01
9.602685847306904776e+00 1.211170848685526463e-01
9.826814572592725838e+00 1.240437508240114228e-01
1.005617450988495776e+01 1.268153657214090291e-01
1.029088775678185463e+01 1.292217853456862631e-01
1.053107926066551414e+01 1.315705973580661436e-01
1.077687688521644738e+01 1.331601404966244462e-01
1.102841147848060110e+01 1.358198628485881021e-01
1.128581694252507894e+01 1.378624269742008690e-01
1.154923030471964296e+01 1.403771517272709990e-01
1.181879179068194219e+01 1.409937944675521415e-01
1.209464489892529571e+01 1.453847182800389326e-01
1.237693647724877266e+01 1.461466274566205759e-01
1.266581680091023010e+01 1.494087856490725896e-01
1.296143965262393927e+01 1.512266761862864628e-01
1.326396240442534413e+01 1.548741792614763690e-01
1.357354610144659368e+01 1.566941543179504182e-01
1.389035554764739189e+01 1.606929238198415988e-01
1.421455939354683373e+01 1.625526839341989160e-01
1.454633022600291525e+01 1.642836124885619919e-01
1.488584466008751939e+01 1.671316149372999715e-01
1.523328343310578425e+01 1.698733517827153428e-01
1.558883150080989743e+01 1.728445313714704890e-01
1.595267813585855343e+01 1.752411136149965298e-01
1.632501702857445736e+01 1.793236206520061604e-01
1.670604639005355452e+01 1.811499585781243260e-01
1.709596905768081854e+01 1.847092833695879732e-01
1.749499260310883386e+01 1.873255111586717148e-01
1.790332944275660410e+01 1.889991050619492796e-01
1.832119695088741551e+01 1.924244939834356682e-01
1.874881757532599025e+01 1.970775609374693094e-01
1.918641895587648705e+01 1.997263533710793015e-01
1.963423404550438534e+01 2.023670568279976878e-01
2.009250123434681612e+01 2.058031401551975170e-01
2.056146447661730647e+01 2.083132757223278564e-01
2.104137342047245696e+01 2.131130006862898552e-01
2.153248354090986538e+01 2.151505964839039442e-01
2.203505627576773662e+01 2.196295361923251421e-01
2.254935916489893444e+01 2.228100014698181919e-01
2.307566599259321549e+01 2.263774700717213761e-01
2.361425693332379439e+01 2.306234269111267776e-01
2.416541870089553257e+01 2.326240473457606706e-01
2.472944470107429993e+01 2.362376637962498027e-01
2.530663518777885912e+01 2.397921938770363193e-01
2.589729742291808634e+01 2.442858189018058124e-01
2.650174583995906374e+01 2.464087965446715156e-01
2.712030221131266572e+01 2.520452500493547965e-01
2.775329581962617098e+01 2.547741109097210743e-01
2.840106363307364745e+01 2.589183401080552560e-01
2.906395048473792286e+01 2.626908161594330160e-01
2.974230925617907673e+01 2.678713293995655387e-01
3.043650106528772525e+01 2.705045612384517906e-01
3.114689545852268537e+01 2.748378058445829497e-01
3.187387060763548874e+01 2.786282803186274637e-01
3.261781351098665027e+01 2.826566689500090157e-01
3.337912019956048226e+01 2.873062497790266345e-01
3.415819594778855617e+01 2.921695071758308448e-01
3.495545548929361956e+01 2.965105749356916620e-01
3.577132323766923605e+01 3.009388721846633086e-01
3.660623351241223844e+01 3.058571525880914299e-01
3.746063077012875198e+01 3.096452640350871865e-01
3.833496984113629935e+01 3.146890587899330294e-01
3.922971617158860624e+01 3.191229966393361317e-01
4.014534607125138876e+01 3.252166462875343833e-01
4.108234696706128375e+01 3.286319540515577065e-01
4.204121766260316662e+01 3.345688792192569316e-01
4.302246860364332548e+01 3.390815387781756507e-01
4.402662214986062850e+01 3.445001764481187556e-01
4.505421285291960487e+01 3.502114184167250399e-01
4.610578774103417032e+01 3.547576493052074786e-01
4.718190661017270315e+01 3.600750230134418528e-01
4.828314232206037815e+01 3.660749510943953067e-01
4.941008110913650597e+01 3.706732927482759843e-01
5.056332288662998309e+01 3.765037084414347146e-01
5.174348157191845132e+01 3.824579323676453591e-01
5.295118541134133494e+01 3.889444123099302653e-01
5.418707731464103006e+01 3.942818126457409145e-01
5.545181519720964758e+01 4.002159996760112359e-01
5.674607233032426024e+01 4.059724726292813224e-01
5.807053769955627587e+01 4.125901515579741829e-01
5.942591637154668405e+01 4.185157891500534966e-01
6.081292986934133893e+01 4.253180161168407802e-01
6.223231655648722693e+01 4.319173881017035477e-01
6.368483203009306237e+01 4.385175121374298435e-01
6.517124952306448904e+01 4.450916290254353647e-01
6.669236031572728507e+01 4.519193229664827949e-01
6.824897415705778769e+01 4.588003466059786817e-01
6.984191969574543180e+01 4.657183655406206269e-01
7.147204492131572806e+01 4.728397835729724052e-01
7.314021761554982959e+01 4.803064095067305361e-01
7.484732581443961408e+01 4.875939445944567630e-01
7.659427828092562152e+01 4.950431298939395042e-01
7.838200498866808630e+01 5.028263518862352566e-01
8.021145761710991451e+01 5.105160829802054545e-01
8.208361005809418032e+01 5.184616421956608212e-01
8.399945893430607669e+01 5.267691018998531538e-01
8.596002412981592045e+01 5.351222686908155834e-01
8.796634933300447301e+01 5.434603201722995047e-01
9.001950259216093286e+01 5.522936901689382561e-01
9.212057688404800615e+01 5.609521852454969482e-01
9.427069069573819604e+01 5.696392794372509005e-01
9.647098862002934538e+01 5.789759379172705334e-01
9.872264196475833842e+01 5.880267148395837973e-01
1.010268493763352780e+02 5.975067540546556977e-01
1.033848374778319652e+02 6.070219425366680799e-01
1.057978615219630143e+02 6.167899556103070280e-01
1.082672060593075685e+02 6.266102913498274862e-01
1.107941856221280688e+02 6.366157242207428624e-01
1.133801454241486795e+02 6.462988327460349458e-01
1.160264620766675705e+02 6.564050042344375946e-01
1.187345443213824581e+02 6.671627507669034562e-01
1.215058337803214812e+02 6.774030675634679088e-01
1.243418057232765364e+02 6.880787989251798686e-01
1.272439698531497783e+02 6.989096325483661332e-01
1.302138711096291672e+02 7.097121463874683789e-01
1.332530904916229986e+02 7.206448605859661072e-01
1.363632458988895735e+02 7.316664829079114751e-01
1.395459929933106764e+02 7.429020082582574735e-01
1.428030260802679834e+02 7.538498260345714019e-01
1.461360790105899810e+02 7.651333750398090494e-01
1.495469261035517547e+02 7.761687749110536272e-01
1.530373830914164444e+02 7.878973638992183837e-01
1.566093080860237308e+02 7.989675348543037181e-01
1.602646025679377431e+02 8.104846803312143466e-01
1.640052123986826018e+02 8.218276154046099125e-01
1.678331288566031390e+02 8.333578465391596746e-01
1.717503896969034258e+02 8.449392086811365887e-01
1.757590802364263993e+02 8.566619381759310592e-01
1.798613344637523710e+02 8.682191484071011267e-01
1.840593361752083013e+02 8.795579649453990623e-01
1.883553201373903789e+02 8.911807093285530890e-01
1.927515732768217731e+02 9.025737601490283479e-01
1.972504358973755814e+02 9.141398149860170408e-01
2.018543029261141726e+02 9.255478798874412494e-01
2.065656251882057006e+02 9.367700259002695873e-01
2.113869107115976647e+02 9.483205206001236176e-01
2.163207260621418868e+02 9.594690417956435180e-01
2.213696977098823879e+02 9.705393814475677949e-01
2.265365134272307444e+02 9.817295193318704705e-01
2.318239237197771558e+02 9.930479859731060621e-01
2.372347432904956008e+02 1.004205790099543139e+00
2.427718525381255290e+02 1.015491433354202000e+00
2.484381990905234829e+02 1.026320210175361680e+00
2.542367993738057805e+02 1.037772807772675554e+00
2.601707402181141333e+02 1.049115263187626823e+00
2.662431805008615129e+02 1.060449682024948936e+00
2.724573528283293626e+02 1.071200845110107158e+00
2.788165652565154460e+02 1.082322676067606571e+00
2.853242030521473680e+02 1.092865591131235492e+00
2.919837304947957364e+02 1.103298856982982024e+00
2.987986927210515660e+02 1.113416432914343224e+00
3.057727176117459180e+02 1.122947993420772006e+00
3.129095177232191531e+02 1.132173807742746341e+00
3.202128922636635480e+02 1.140363784635483491e+00
3.276867291155969610e+02 1.147854272065133685e+00
3.353350069055398421e+02 1.154341029092308846e+00
3.431617971220009622e+02 1.159697791472952266e+00
3.511712662828937823e+02 1.163954522234579292e+00
3.593676781535438636e+02 1.167064843867223312e+00
3.677553960164653972e+02 1.168783909887525008e+00
3.763388849941111403e+02 1.169272641306981608e+00
3.851227144258397175e+02 1.168460396335964324e+00
3.941115603003596561e+02 1.166285093512754667e+00
4.033102077449493095e+02 1.162841306435918209e+00
4.127235535727717206e+02 1.158133204651827342e+00
4.223566088896488964e+02 1.152221603646442105e+00
4.322145017616753080e+02 1.145246802835051536e+00
4.423024799450977298e+02 1.137032744509859139e+00
4.526259136799059206e+02 1.127494193234482189e+00
4.631902985486304374e+02 1.116556123729562922e+00
4.740012584018655843e+02 1.103960147031560091e+00
4.850645483520705739e+02 1.089690324578312719e+00
4.963860578372510304e+02 1.073494665696284045e+00
5.079718137561447975e+02 1.055564945546642486e+00
5.198279836765865412e+02 1.035919100028575679e+00
5.319608791187516772e+02 1.014701986996942251e+00
5.443769589150359707e+02 9.920099131848589824e-01
5.570828326483532464e+02 9.680957792409795593e-01
5.700852641706869690e+02 9.432817339144756730e-01
5.833911752037591896e+02 9.175278079241543372e-01
5.970076490237458984e+02 8.910390279992582707e-01
6.109419342319936277e+02 8.639068814926245121e-01
6.252014486137406948e+02 8.361115723787225784e-01
6.397937830869075242e+02 8.076580079786971345e-01
6.547267057430489103e+02 7.786812426530456133e-01
6.700081659826265650e+02 7.492246264030713032e-01
6.856462987467941730e+02 7.194659494165942526e-01
7.016494288479584611e+02 6.896153714613049157e-01
7.180260754014136637e+02 6.599166629223077729e-01
7.347849563604148670e+02 6.304678679803505936e-01
7.519349931570934586e+02 6.010359569445019590e-01
7.694853154517003304e+02 5.715221377039376716e-01
7.874452659926959086e+02 5.418346458341015692e-01
8.058244055902695209e+02 5.115999088334649558e-01
8.246325182059504186e+02 4.809376998636814560e-01
8.438796161610048330e+02 4.497442458083474870e-01
8.635759454664042778e+02 4.179759147616315396e-01
8.837319912771882855e+02 3.858432729085709556e-01
9.043584834741403711e+02 3.535335831825045516e-01
9.254664023757377436e+02 3.214963624488298977e-01
9.470669845834232774e+02 2.900310445816443594e-01
9.691717289632991879e+02 2.595103107385235974e-01
9.917924027674423542e+02 2.306394805134982795e-01
1.014941047898093188e+03 2.041863450538577984e-01
1.038629987318042367e+03 1.812171675941222360e-01
1.062871831610648314e+03 1.617717892887789444e-01
1.087679485692959133e+03 1.461524002748856299e-01
1.113066155685529111e+03 1.340918183624557614e-01
1.139045355942565038e+03 1.246242332179046675e-01
1.165630916246169136e+03 1.169897444688208221e-01
1.192836989168491982e+03 1.104901774930507619e-01
1.220678057605724234e+03 1.043197451233150580e-01
1.249168942487923687e+03 9.838829279405889028e-02
1.278324810668799728e+03 9.232061114445540284e-02
1.308161182999650464e+03 8.609851176360668046e-02
1.338693942591732139e+03 7.987940396975491686e-02
1.369939343271489406e+03 7.363023014782064946e-02
1.401914018233123670e+03 6.728513251914176874e-02
1.434634988893122454e+03 6.090847706413803769e-02
1.468119673951442337e+03 5.456347038693337703e-02
1.502385898664193746e+03 4.829946732202668180e-02
1.537451904332745698e+03 4.218274905316766327e-02
1.573336358014316374e+03 3.653044019844088608e-02
1.610058362459196132e+03 3.133194878014834012e-02
1.647637466279920318e+03 2.654994035252844845e-02
1.686093674357793361e+03 2.244409765898421755e-02
1.725447458492290025e+03 1.876432320944432935e-02
1.765719768299029965e+03 1.539770684506588071e-02
1.806932042362104994e+03 1.235875572987414107e-02
1.849106219646714180e+03 9.793293300224182110e-03
1.892264751178153801e+03 7.642821979866157127e-03
1.936430611993417187e+03 5.887933004377208374e-03
1.981627313371733180e+03 4.498457249153729742e-03
2.027878915350583384e+03 3.400189462927822887e-03
2.075210039533823419e+03 2.252592549251595470e-03
2.123645882198767140e+03 1.554819720043343996e-03
2.173212227709193485e+03 1.012530059019077153e-03
2.223935462241398000e+03 5.846331496652591199e-04
2.275842587830630237e+03 1.829323453237988151e-04
2.328961236745371025e+03 2.280561856740282911e-07
2.383319686197117335e+03 2.280561856740282911e-07
2.438946873393476380e+03 2.280561856740282911e-07
2.495872410942622992e+03 2.280561856740282911e-07
2.554126602617286608e+03 2.280561856740282911e-07
2.613740459486692544e+03 2.280561856740282911e-07
2.674745716424992679e+03 2.280561856740282911e-07
2.737174849005035412e+03 2.280561856740282911e-07
2.801061090786439308e+03 2.280561856740282911e-07
2.866438451007147705e+03 2.280561856740282911e-07
2.933341732687937110e+03 2.280561856740282911e-07
3.001806551159470018e+03 2.280561856740282911e-07
3.071869353021793813e+03 2.280561856740282911e-07
3.143567435546325669e+03 2.280561856740282911e-07
3.216938966530710331e+03 2.280561856740282911e-07
3.292023004617099559e+03 2.280561856740282911e-07
3.368859520084630276e+03 2.280561856740282911e-07
3.447489416127239565e+03 2.280561856740282911e-07
3.527954550628086963e+03 2.280561856740282911e-07
3.610297758442216491e+03 2.280561856740282911e-07
3.694562874199268208e+03 2.280561856740282911e-07
3.780794755638442894e+03 2.280561856740282911e-07
3.869039307488088525e+03 2.280561856740282911e-07
3.959343505902665129e+03 2.280561856740282911e-07
4.051755423470034202e+03 2.280561856740282911e-07
4.146324254802458199e+03 2.280561856740282911e-07
4.243100342724900656e+03 2.280561856740282911e-07
4.342135205074529949e+03 2.280561856740282911e-07
4.443481562125769415e+03 2.280561856740282911e-07
4.547193364655430742e+03 2.280561856740282911e-07
4.653325822662915925e+03 2.280561856740282911e-07
4.761935434760716817e+03 2.280561856740282911e-07
4.873080018250931971e+03 2.280561856740282911e-07
4.986818739903756068e+03 2.280561856740282911e-07
5.103212147454367368e+03 2.280561856740282911e-07
5.222322201834918815e+03 2.280561856740282911e-07
5.344212310158864966e+03 2.280561856740282911e-07
5.468947359475159828e+03 2.280561856740282911e-07
5.596593751310231710e+03 2.280561856740282911e-07
5.727219437016231495e+03 2.280561856740282911e-07
5.860893953944282657e+03 2.280561856740282911e-07
5.997688462462055213e+03 2.280561856740282911e-07
6.137675783835284165e+03 2.280561856740282911e-07
6.280930438993504140e+03 2.280561856740282911e-07
6.427528688200551187e+03 2.280561856740282911e-07
6.577548571651020211e+03 2.280561856740282911e-07
6.731069951014188518e+03 2.280561856740282911e-07
6.888174551947639884e+03 2.280561856740282911e-07
7.048946007603168255e+03 2.280561856740282911e-07
7.213469903148055892e+03 2.280561856740282911e-07
7.381833821325556528e+03 2.280561856740282911e-07
7.554127389078728811e+03 2.280561856740282911e-07
7.730442325262523809e+03 2.280561856740282911e-07
7.910872489469403263e+03 2.280561856740282911e-07
8.095513931994644736e+03 2.280561856740282911e-07
8.284464944967787233e+03 2.280561856740282911e-07
8.477826114677556689e+03 2.280561856740282911e-07
8.675700375117978183e+03 2.280561856740282911e-07
8.878193062784332142e+03 2.280561856740282911e-07
9.085411972748086555e+03 2.280561856740282911e-07
9.297467416040513854e+03 2.280561856740282911e-07
9.514472278375778842e+03 2.280561856740282911e-07
9.736542080244556928e+03 2.280561856740282911e-07
9.963795038410320558e+03 2.280561856740282911e-07
1.019635212884085013e+04 2.280561856740282911e-07
1.043433715110869889e+04 2.280561856740282911e-07
1.067787679429469972e+04 2.280561856740282911e-07
1.092710070442975120e+04 2.280561856740282911e-07
1.118214155351058616e+04 2.280561856740282911e-07
1.144313511012649178e+04 2.280561856740282911e-07
1.171022031173447613e+04 2.280561856740282911e-07
1.198353933862123813e+04 2.280561856740282911e-07
1.226323768959154950e+04 2.280561856740282911e-07
1.254946425942315000e+04 2.280561856740282911e-07
1.284237141812951631e+04 2.280561856740282911e-07
1.314211509207254130e+04 2.280561856740282911e-07
1.344885484696849926e+04 2.280561856740282911e-07
1.376275397283132588e+04 2.280561856740282911e-07
1.408397957089857664e+04 2.280561856740282911e-07
1.441270264258610405e+04 2.280561856740282911e-07
1.474909818051909315e+04 2.280561856740282911e-07
1.509334526168777302e+04 2.280561856740282911e-07
1.544562714277728446e+04 2.280561856740282911e-07
1.580613135772269561e+04 2.280561856740282911e-07
1.617504981754089749e+04 2.280561856740282911e-07
1.655257891249268869e+04 2.280561856740282911e-07
1.693891961662916947e+04 2.280561856740282911e-07
1.733427759477846485e+04 2.280561856740282911e-07
1.773886331202940710e+04 2.280561856740282911e-07
1.815289214577071471e+04 2.280561856740282911e-07
1.857658450034499765e+04 2.280561856740282911e-07
1.901016592437900545e+04 2.280561856740282911e-07
1.945386723085233825e+04 2.280561856740282911e-07
1.990792461996846760e+04 2.280561856740282911e-07
2.037257980489372858e+04 2.280561856740282911e-07
2.084808014043111689e+04 2.280561856740282911e-07
2.133467875469714272e+04 2.280561856740282911e-07
2.183263468387229659e+04 2.280561856740282911e-07
2.234221301009648232e+04 2.280561856740282911e-07
2.286368500258300628e+04 2.280561856740282911e-07
2.339732826202611614e+04 2.280561856740282911e-07
2.394342686837931251e+04 2.280561856740282911e-07
2.450227153208235541e+04 2.280561856740282911e-07
2.507415974881839429e+04 2.280561856740282911e-07
2.565939595788294901e+04 2.280561856740282911e-07
2.625829170424930635e+04 2.280561856740282911e-07
2.687116580441652695e+04 2.280561856740282911e-07
2.749834451612841076e+04 2.280561856740282911e-07
2.814016171205367209e+04 2.280561856740282911e-07
2.879695905752013277e+04 2.280561856740282911e-07
2.946908619239668769e+04 2.280561856740282911e-07
3.015690091722102079e+04 2.280561856740282911e-07
3.086076938367128969e+04 2.280561856740282911e-07
3.158106628948351499e+04 2.280561856740282911e-07
3.231817507791838216e+04 2.280561856740282911e-07
3.307248814188357210e+04 2.280561856740282911e-07
3.384440703282070899e+04 2.280561856740282911e-07
3.463434267446705780e+04 2.280561856740282911e-07
3.544271558160716813e+04 2.280561856740282911e-07
3.626995608392990835e+04 2.280561856740282911e-07
3.711650455511037580e+04 2.280561856740282911e-07
3.798281164723871188e+04 2.280561856740282911e-07
3.886933853072036436e+04 2.280561856740282911e-07
3.977655713977615233e+04 2.280561856740282911e-07
4.070495042367151473e+04 2.280561856740282911e-07
4.165501260381028987e+04 2.280561856740282911e-07
4.262724943682875164e+04 2.280561856740282911e-07
4.362217848383040109e+04 2.280561856740282911e-07
4.464032938590468984e+04 2.280561856740282911e-07
4.568224414607651124e+04 2.280561856740282911e-07
4.674847741783624951e+04 2.280561856740282911e-07
4.783959680040474632e+04 2.280561856740282911e-07
4.895618314088880288e+04 2.280561856740282911e-07
5.009883084349004639e+04 2.280561856740282911e-07
5.126814818593030213e+04 2.280561856740282911e-07
5.246475764326247008e+04 2.280561856740282911e-07
5.368929621923930245e+04 2.280561856740282911e-07
5.494241578541617491e+04 2.280561856740282911e-07
5.622478342816922668e+04 2.280561856740282911e-07
5.753708180381183047e+04 2.280561856740282911e-07
5.888000950200067746e+04 2.280561856740282911e-07
6.025428141762328596e+04 2.280561856740282911e-07
6.166062913136553834e+04 2.280561856740282911e-07
6.309980129916177248e+04 2.280561856740282911e-07
6.457256405073453789e+04 2.280561856740282911e-07
6.607970139743709296e+04 2.280561856740282911e-07
6.762201564961363329e+04 2.280561856740282911e-07
6.920032784370217996e+04 2.280561856740282911e-07
7.081547817930539895e+04 2.280561856740282911e-07
7.246832646646299690e+04 2.280561856740282911e-07
7.415975258336344268e+04 2.280561856740282911e-07
7.589065694473884651e+04 2.280561856740282911e-07
7.766196098119202361e+04 2.280561856740282911e-07
7.947460762971208896e+04 2.280561856740282911e-07
8.132956183563708328e+04 2.280561856740282911e-07
8.322781106633413583e+04 2.280561856740282911e-07
8.517036583686829545e+04 2.280561856740282911e-07
8.715826024794059049e+04 2.280561856740282911e-07
8.919255253638191789e+04 2.280561856740282911e-07
9.127432563849508006e+04 2.280561856740282911e-07
9.340468776654661633e+04 2.280561856740282911e-07
9.558477299871189462e+04 2.280561856740282911e-07
9.781574188279180089e+04 2.280561856740282911e-07
1.000987820540190733e+05 2.280561856740282911e-07
1.024351088672848273e+05 2.280561856740282911e-07
1.048259660441212327e+05 2.280561856740282911e-07
1.072726263347846834e+05 2.280561856740282911e-07
1.097763921957933198e+05 2.280561856740282911e-07
1.123385964832760801e+05 2.280561856740282911e-07
1.149606031625070173e+05 2.280561856740282911e-07
1.176438080339991138e+05 2.280561856740282911e-07
1.203896394765454897e+05 2.280561856740282911e-07
1.231995592076033790e+05 2.280561856740282911e-07
1.260750630614256370e+05 2.280561856740282911e-07
1.290176817853537214e+05 2.280561856740282911e-07
1.320289818546976603e+05 2.280561856740282911e-07
1.351105663066327979e+05 2.280561856740282911e-07
1.382640755935625639e+05 2.280561856740282911e-07
1.414911884563975618e+05 2.280561856740282911e-07
1.447936228182175255e+05 2.280561856740282911e-07
1.481731366987913498e+05 2.280561856740282911e-07
1.516315291504420456e+05 2.280561856740282911e-07
1.551706412157565646e+05 2.280561856740282911e-07
1.587923569076455024e+05 2.280561856740282911e-07
1.624986042122809449e+05 2.280561856740282911e-07
1.662913561154412746e+05 2.280561856740282911e-07
1.701726316528116295e+05 2.280561856740282911e-07
1.741444969847984321e+05 2.280561856740282911e-07
1.782090664964300813e+05 2.280561856740282911e-07
1.823685039229312388e+05 2.280561856740282911e-07
1.866250235015648068e+05 2.280561856740282911e-07
1.909808911503615673e+05 2.280561856740282911e-07
1.954384256743599253e+05 2.280561856740282911e-07
2.000000000000000000e+05 2.280561856740282911e-07
