2.000000000000000000e+00 1.811989550746174293e+00
2.046680424383283903e+00 1.835673462086996555e+00
2.094450379776869653e+00 1.861024476774025604e+00
2.143335296065727036e+00 1.888031103502596952e+00
2.193361196673736746e+00 1.916798211389027617e+00
2.244554712417015541e+00 1.947185810466914857e+00
2.296943095680578750e+00 1.979110717567753586e+00
2.350554234925890551e+00 2.012354065469455833e+00
2.405416669537023378e+00 2.046738017683152666e+00
2.461559605013330376e+00 2.082034584753106543e+00
2.519012928516715988e+00 2.117239537035873642e+00
2.577807224781785589e+00 2.154362516390101678e+00
2.637973792397340311e+00 2.190926839574203644e+00
2.699544660467884771e+00 2.227472476099038978e+00
2.762552605664019278e+00 2.263865512271016733e+00
2.827031169670791044e+00 2.299994102140693109e+00
2.893014677043293403e+00 2.335931887545079633e+00
2.960538253479018334e+00 2.371787389160747495e+00
3.029637844516691825e+00 2.407778115896108240e+00
3.100350234671540139e+00 2.443528181015719003e+00
3.172713067017181032e+00 2.481232591353351946e+00
3.246764863224557374e+00 2.519070469307297611e+00
3.322545044068585973e+00 2.557753669663656915e+00
3.400093950413435095e+00 2.597030365793439710e+00
3.479452864687603064e+00 2.637560346485618989e+00
3.560664032860227923e+00 2.678671725987340047e+00
3.643770686930333458e+00 2.720530602146608690e+00
3.728817067940972674e+00 2.763203605124318063e+00
3.815848449530531372e+00 2.806772757697957754e+00
3.904911162033722238e+00 2.851327603008896983e+00
3.996052617145100516e+00 2.896959835953637263e+00
4.089321333158233429e+00 2.943739212384143933e+00
4.184766960793955271e+00 2.991713885177293974e+00
4.282440309631458497e+00 3.040905452183868096e+00
4.382393375156298454e+00 3.091273222708811108e+00
4.484679366439691783e+00 3.142701273476873780e+00
4.589352734463872707e+00 3.195062643728395102e+00
4.696469201108552483e+00 3.248212051866196770e+00
4.806085788813937221e+00 3.302045824771147942e+00
4.918260850936089668e+00 3.356399547464469890e+00
5.033054102810782915e+00 3.410704280663218402e+00
5.150526653542401689e+00 3.466217365166317954e+00
5.270741038534788814e+00 3.521581776628596394e+00
5.393761252781386517e+00 3.577112446609557406e+00
5.519652784932360667e+00 3.632344785273247112e+00
5.648482652156870287e+00 3.688927791487779384e+00
5.780319435819019525e+00 3.745508108961251637e+00
5.915233317986507977e+00 3.802330614688407273e+00
6.053296118791383407e+00 3.861294588486448021e+00
6.194581334662817795e+00 3.920694514272828002e+00
6.339164177452231819e+00 3.982648550624269923e+00
6.487121614471623054e+00 4.045441109968249016e+00
6.638532409466377793e+00 4.111000628029168880e+00
6.793477164544415636e+00 4.177564006138874575e+00
6.952038363083956618e+00 4.245976637199052384e+00
7.114300413642771659e+00 4.315574109833291594e+00
7.280349694892280787e+00 4.386298040192077252e+00
7.450274601600423097e+00 4.457754097103777013e+00
7.624165591687778409e+00 4.530938446778848494e+00
7.802115234381984621e+00 4.604611358034512492e+00
7.984218259496103087e+00 4.679104275956080805e+00
8.170571607857125329e+00 4.754399619529249499e+00
8.361274482911515094e+00 4.830513381426594144e+00
8.556428403535232263e+00 4.907512647617727986e+00
8.756137258076337915e+00 4.985514721350086553e+00
8.960507359658981485e+00 5.064679432100802181e+00
9.169647502778191850e+00 5.145219896218804934e+00
9.383669021215595762e+00 5.226974508549688814e+00
9.602685847306904776e+00 5.311180731621911733e+00
9.826814572592725838e+00 5.396874433501400503e+00
1.005617450988495776e+01 5.483934346713376762e+00
1.029088775678185463e+01 5.573277022904503220e+00
1.053107926066551414e+01 5.663658326353671058e+00
1.077687688521644738e+01 5.755682724722219312e+00
1.102841147848060110e+01 5.848476243062874502e+00
1.128581694252507894e+01 5.943207664275979241e+00
1.154923030471964296e+01 6.038791902323247918e+00
1.181879179068194219e+01 6.135462439291228698e+00
1.209464489892529571e+01 6.233869486610821298e+00
1.237693647724877266e+01 6.334079689967589744e+00
1.266581680091023010e+01 6.436089332694554521e+00
1.296143965262393927e+01 6.539957419188049847e+00
1.326396240442534413e+01 6.645815896752479190e+00
1.357354610144659368e+01 6.753598990816058745e+00
1.389035554764739189e+01 6.862836134339833194e+00
1.421455939354683373e+01 6.973380129927525317e+00
1.454633022600291525e+01 7.086185428784209428e+00
1.488584466008751939e+01 7.200082727119682779e+00
1.523328343310578425e+01 7.316391499143820809e+00
1.558883150080989743e+01 7.434158484820514445e+00
1.595267813585855343e+01 7.553997224043754066e+00
1.632501702857445736e+01 7.676017870243937224e+00
1.670604639005355452e+01 7.800024624145132535e+00
1.709596905768081854e+01 7.925950183024197848e+00
1.749499260310883386e+01 8.053810471783378944e+00
1.790332944275660410e+01 8.183869415601527919e+00
1.832119695088741551e+01 8.315930777410997621e+00
1.874881757532599025e+01 8.449756348936801942e+00
1.918641895587648705e+01 8.586282961312761586e+00
1.963423404550438534e+01 8.724651106006273693e+00
2.009250123434681612e+01 8.865270566317866141e+00
2.056146447661730647e+01 9.008227321441038882e+00
2.104137342047245696e+01 9.153419122122226526e+00
2.153248354090986538e+01 9.300904679726215818e+00
2.203505627576773662e+01 9.450880839014809354e+00
2.254935916489893444e+01 9.603186282127669671e+00
2.307566599259321549e+01 9.757757978791435249e+00
2.361425693332379439e+01 9.914960799329405106e+00
2.416541870089553257e+01 1.007458185536807882e+01
2.472944470107429993e+01 1.023671156546710570e+01
2.530663518777885912e+01 1.040143807481951477e+01
2.589729742291808634e+01 1.056877273668998996e+01
2.650174583995906374e+01 1.073872560934164078e+01
2.712030221131266572e+01 1.091135508190006398e+01
2.775329581962617098e+01 1.108672158742298208e+01
2.840106363307364745e+01 1.126483084177681171e+01
2.906395048473792286e+01 1.144573078195603344e+01
2.974230925617907673e+01 1.162953273833871037e+01
3.043650106528772525e+01 1.181624024515134330e+01
3.114689545852268537e+01 1.200582161062510345e+01
3.187387060763548874e+01 1.219838063610737144e+01
3.261781351098665027e+01 1.239386360965276346e+01
3.337912019956048226e+01 1.259245270753159573e+01
3.415819594778855617e+01 1.279424643031802589e+01
3.495545548929361956e+01 1.299909056795547890e+01
3.577132323766923605e+01 1.320712204849687410e+01
3.660623351241223844e+01 1.341830552017992240e+01
3.746063077012875198e+01 1.363286849316405025e+01
3.833496984113629935e+01 1.385074935854541422e+01
3.922971617158860624e+01 1.407207690129314948e+01
4.014534607125138876e+01 1.429661264272450261e+01
4.108234696706128375e+01 1.452481420168312631e+01
4.204121766260316662e+01 1.475644061283985486e+01
4.302246860364332548e+01 1.499166634336626380e+01
4.402662214986062850e+01 1.523060357079230442e+01
4.505421285291960487e+01 1.547312833854347325e+01
4.610578774103417032e+01 1.571936794692600614e+01
4.718190661017270315e+01 1.596941593013802851e+01
4.828314232206037815e+01 1.622336196980598544e+01
4.941008110913650597e+01 1.648114774260342230e+01
5.056332288662998309e+01 1.674289174502981581e+01
5.174348157191845132e+01 1.700869403744956898e+01
5.295118541134133494e+01 1.727852891032521754e+01
5.418707731464103006e+01 1.755256163315557316e+01
5.545181519720964758e+01 1.783077578033496735e+01
5.674607233032426024e+01 1.811326512880263095e+01
5.807053769955627587e+01 1.840008256415340071e+01
5.942591637154668405e+01 1.869131554905759884e+01
6.081292986934133893e+01 1.898690572183938841e+01
6.223231655648722693e+01 1.928719273804582102e+01
6.368483203009306237e+01 1.959219400619991092e+01
6.517124952306448904e+01 1.990163912147188796e+01
6.669236031572728507e+01 2.021610547982080774e+01
6.824897415705778769e+01 2.053530656374186236e+01
6.984191969574543180e+01 2.085958187132434460e+01
7.147204492131572806e+01 2.118892414355946485e+01
7.314021761554982959e+01 2.152345199818164190e+01
7.484732581443961408e+01 2.186325552528083449e+01
7.659427828092562152e+01 2.220835949475517879e+01
7.838200498866808630e+01 2.255893089206463387e+01
8.021145761710991451e+01 2.291500232484515465e+01
8.208361005809418032e+01 2.327664588892164943e+01
8.399945893430607669e+01 2.364400605977243686e+01
8.596002412981592045e+01 2.401719721132390006e+01
8.796634933300447301e+01 2.439632515290247738e+01
9.001950259216093286e+01 2.478151206257802031e+01
9.212057688404800615e+01 2.517291416761882417e+01
9.427069069573819604e+01 2.557069220404318344e+01
9.647098862002934538e+01 2.597497096838770858e+01
9.872264196475833842e+01 2.638589093865483548e+01
1.010268493763352780e+02 2.680358649148047689e+01
1.033848374778319652e+02 2.722826713987203107e+01
1.057978615219630143e+02 2.766008105208467072e+01
1.082672060593075685e+02 2.809917577020789281e+01
1.107941856221280688e+02 2.854573260569064530e+01
1.133801454241486795e+02 2.899997266646140304e+01
1.160264620766675705e+02 2.946207554180995558e+01
1.187345443213824581e+02 2.993220431226540512e+01
1.215058337803214812e+02 3.041059694384478718e+01
1.243418057232765364e+02 3.089748840817217967e+01
1.272439698531497783e+02 3.139306799396214487e+01
1.302138711096291672e+02 3.189755901064171084e+01
1.332530904916229986e+02 3.241124883151696423e+01
1.363632458988895735e+02 3.293436284323510677e+01
1.395459929933106764e+02 3.346712352860762962e+01
1.428030260802679834e+02 3.400984867554748092e+01
1.461360790105899810e+02 3.456280328588437811e+01
1.495469261035517547e+02 3.512622404470015169e+01
1.530373830914164444e+02 3.570046372635100340e+01
1.566093080860237308e+02 3.628579412105685265e+01
1.602646025679377431e+02 3.688248804261930758e+01
1.640052123986826018e+02 3.749093267673676877e+01
1.678331288566031390e+02 3.811138843645221641e+01
1.717503896969034258e+02 3.874421085060830450e+01
1.757590802364263993e+02 3.938975148638260748e+01
1.798613344637523710e+02 4.004829761684985101e+01
1.840593361752083013e+02 4.072026676400188450e+01
1.883553201373903789e+02 4.140593974311479997e+01
1.927515732768217731e+02 4.210573539444659019e+01
1.972504358973755814e+02 4.281996412702712718e+01
2.018543029261141726e+02 4.354901630648969046e+01
2.065656251882057006e+02 4.429323894750589119e+01
2.113869107115976647e+02 4.505299564996143857e+01
2.163207260621418868e+02 4.582867440483389032e+01
2.213696977098823879e+02 4.662058231684127207e+01
2.265365134272307444e+02 4.742909626684964053e+01
2.318239237197771558e+02 4.825457045094656650e+01
2.372347432904956008e+02 4.909735323786638617e+01
2.427718525381255290e+02 4.995775927034745933e+01
2.484381990905234829e+02 5.083608384041298933e+01
2.542367993738057805e+02 5.173272439051360294e+01
2.601707402181141333e+02 5.264785657383190198e+01
2.662431805008615129e+02 5.358185535051072890e+01
2.724573528283293626e+02 5.453491422628934515e+01
2.788165652565154460e+02 5.550730088431176767e+01
2.853242030521473680e+02 5.649917591009504036e+01
2.919837304947957364e+02 5.751081415935423991e+01
2.987986927210515660e+02 5.854227780076556087e+01
3.057727176117459180e+02 5.959365888657840316e+01
3.129095177232191531e+02 6.066515089604408928e+01
3.202128922636635480e+02 6.175669699021122483e+01
3.276867291155969610e+02 6.286829313493743143e+01
3.353350069055398421e+02 6.399988149014300376e+01
3.431617971220009622e+02 6.515134393837730897e+01
3.511712662828937823e+02 6.632249939251803994e+01
3.593676781535438636e+02 6.751307426536416756e+01
3.677553960164653972e+02 6.872275443010407514e+01
3.763388849941111403e+02 6.995114509043183659e+01
3.851227144258397175e+02 7.119776369034693175e+01
3.941115603003596561e+02 7.246213279852541689e+01
4.033102077449493095e+02 7.374339130010359611e+01
4.127235535727717206e+02 7.504085333304200844e+01
4.223566088896488964e+02 7.635374471512699301e+01
4.322145017616753080e+02 7.768083761111566332e+01
4.423024799450977298e+02 7.902122890507108366e+01
4.526259136799059206e+02 8.037353820177311547e+01
4.631902985486304374e+02 8.173635264624262220e+01
4.740012584018655843e+02 8.310810298145135278e+01
4.850645483520705739e+02 8.448705356157894641e+01
4.963860578372510304e+02 8.587130796682062339e+01
5.079718137561447975e+02 8.725879875097496097e+01
5.198279836765865412e+02 8.864725750094055456e+01
5.319608791187516772e+02 9.003418908022945288e+01
5.443769589150359707e+02 9.141711200654896174e+01
5.570828326483532464e+02 9.279280581199128619e+01
5.700852641706869690e+02 9.415845076255968138e+01
5.833911752037591896e+02 9.551058459205925999e+01
5.970076490237458984e+02 9.684557595180010026e+01
6.109419342319936277e+02 9.815959343106361246e+01
6.252014486137406948e+02 9.944853061592760923e+01
6.397937830869075242e+02 1.007080720119449211e+02
6.547267057430489103e+02 1.019335463131926929e+02
6.700081659826265650e+02 1.031204303986922497e+02
6.856462987467941730e+02 1.042630413869419215e+02
7.016494288479584611e+02 1.053565930468197962e+02
7.180260754014136637e+02 1.063950940503867457e+02
7.347849563604148670e+02 1.073729066593956389e+02
7.519349931570934586e+02 1.082837483930054105e+02
7.694853154517003304e+02 1.091219500786828149e+02
7.874452659926959086e+02 1.098805397366690073e+02
8.058244055902695209e+02 1.105531427371176107e+02
8.246325182059504186e+02 1.111335518679592838e+02
8.438796161610048330e+02 1.116145668559973814e+02
8.635759454664042778e+02 1.119904250890134136e+02
8.837319912771882855e+02 1.122537202993102738e+02
9.043584834741403711e+02 1.123989336347761565e+02
9.254664023757377436e+02 1.124191735683210993e+02
9.470669845834232774e+02 1.123098940894387141e+02
9.691717289632991879e+02 1.120644342085975325e+02
9.917924027674423542e+02 1.116792731502737155e+02
1.014941047898093188e+03 1.111497395807455888e+02
1.038629987318042367e+03 1.104731353856682574e+02
1.062871831610648314e+03 1.096467823771452288e+02
1.087679485692959133e+03 1.086693144493654444e+02
1.113066155685529111e+03 1.075406365003481994e+02
1.139045355942565038e+03 1.062628826546964547e+02
1.165630916246169136e+03 1.048379128717750461e+02
1.192836989168491982e+03 1.032708578258277470e+02
1.220678057605724234e+03 1.015666255931245558e+02
1.249168942487923687e+03 9.973269174148357763e+01
1.278324810668799728e+03 9.777876451046491013e+01
1.308161182999650464e+03 9.571462641797992887e+01
1.338693942591732139e+03 9.355314010493063392e+01
1.369939343271489406e+03 9.130709792455829188e+01
1.401914018233123670e+03 8.898913130281502504e+01
1.434634988893122454e+03 8.661423657422163558e+01
1.468119673951442337e+03 8.419475360126509145e+01
1.502385898664193746e+03 8.174470974328939121e+01
1.537451904332745698e+03 7.927540987978171927e+01
1.573336358014316374e+03 7.679473447723114532e+01
1.610058362459196132e+03 7.431220393774280808e+01
1.647637466279920318e+03 7.182889258320511772e+01
1.686093674357793361e+03 6.934702813602891069e+01
1.725447458492290025e+03 6.686599124423388218e+01
1.765719768299029965e+03 6.437802826125765421e+01
1.806932042362104994e+03 6.187895556035182665e+01
1.849106219646714180e+03 5.935866489297828963e+01
1.892264751178153801e+03 5.680779169806225326e+01
1.936430611993417187e+03 5.421856120757102104e+01
1.981627313371733180e+03 5.158178374356429430e+01
2.027878915350583384e+03 4.889345370095067977e+01
2.075210039533823419e+03 4.615178028437773605e+01
2.123645882198767140e+03 4.335955843504545726e+01
2.173212227709193485e+03 4.052487449792254637e+01
2.223935462241398000e+03 3.766264991553295971e+01
2.275842587830630237e+03 3.479188112206077932e+01
2.328961236745371025e+03 3.193472701347861431e+01
2.383319686197117335e+03 2.912029463538269169e+01
2.438946873393476380e+03 2.637513210923313522e+01
2.495872410942622992e+03 2.372913969967795111e+01
2.554126602617286608e+03 2.120560551869218457e+01
2.613740459486692544e+03 1.882648925537408857e+01
2.674745716424992679e+03 1.660707047724265450e+01
2.737174849005035412e+03 1.456016899979258383e+01
2.801061090786439308e+03 1.269155021427233265e+01
2.866438451007147705e+03 1.100007534640915807e+01
2.933341732687937110e+03 9.481825546587767661e+00
3.001806551159470018e+03 8.132564851821154406e+00
3.071869353021793813e+03 6.941581323534494530e+00
3.143567435546325669e+03 5.898653183769154928e+00
3.216938966530710331e+03 4.989963722107618516e+00
3.292023004617099559e+03 4.202719928924546267e+00
3.368859520084630276e+03 3.523703232788184980e+00
3.447489416127239565e+03 2.940141408158349901e+00
3.527954550628086963e+03 2.439212067657799299e+00
3.610297758442216491e+03 2.010679380846704500e+00
3.694562874199268208e+03 1.645010792154953716e+00
3.780794755638442894e+03 1.334195593366365618e+00
3.869039307488088525e+03 1.071176179754123714e+00
3.959343505902665129e+03 8.496302271448010757e-01
4.051755423470034202e+03 6.638982425480106642e-01
4.146324254802458199e+03 5.086284218509053989e-01
4.243100342724900656e+03 3.844077732809927372e-01
4.342135205074529949e+03 2.742954678641504329e-01
4.443481562125769415e+03 1.810875141703387203e-01
4.547193364655430742e+03 9.845547524665333727e-02
4.653325822662915925e+03 2.280561856740282911e-07
4.761935434760716817e+03 2.280561856740282911e-07
4.873080018250931971e+03 2.280561856740282911e-07
4.986818739903756068e+03 2.280561856740282911e-07
5.103212147454367368e+03 2.280561856740282911e-07
5.222322201834918815e+03 2.280561856740282911e-07
5.344212310158864966e+03 2.280561856740282911e-07
5.468947359475159828e+03 2.280561856740282911e-07
5.596593751310231710e+03 2.280561856740282911e-07
5.727219437016231495e+03 2.280561856740282911e-07
5.860893953944282657e+03 2.280561856740282911e-07
5.997688462462055213e+03 2.280561856740282911e-07
6.137675783835284165e+03 2.280561856740282911e-07
6.280930438993504140e+03 2.280561856740282911e-07
6.427528688200551187e+03 2.280561856740282911e-07
6.577548571651020211e+03 2.280561856740282911e-07
6.731069951014188518e+03 2.280561856740282911e-07
6.888174551947639884e+03 2.280561856740282911e-07
7.048946007603168255e+03 2.280561856740282911e-07
7.213469903148055892e+03 2.280561856740282911e-07
7.381833821325556528e+03 2.280561856740282911e-07
7.554127389078728811e+03 2.280561856740282911e-07
7.730442325262523809e+03 2.280561856740282911e-07
7.910872489469403263e+03 2.280561856740282911e-07
8.095513931994644736e+03 2.280561856740282911e-07
8.284464944967787233e+03 2.280561856740282911e-07
8.477826114677556689e+03 2.280561856740282911e-07
8.675700375117978183e+03 2.280561856740282911e-07
8.878193062784332142e+03 2.280561856740282911e-07
9.085411972748086555e+03 2.280561856740282911e-07
9.297467416040513854e+03 2.280561856740282911e-07
9.514472278375778842e+03 2.280561856740282911e-07
9.736542080244556928e+03 2.280561856740282911e-07
9.963795038410320558e+03 2.280561856740282911e-07
1.019635212884085013e+04 2.280561856740282911e-07
1.043433715110869889e+04 2.280561856740282911e-07
1.067787679429469972e+04 2.280561856740282911e-07
1.092710070442975120e+04 2.280561856740282911e-07
1.118214155351058616e+04 2.280561856740282911e-07
1.144313511012649178e+04 2.280561856740282911e-07
1.171022031173447613e+04 2.280561856740282911e-07
1.198353933862123813e+04 2.280561856740282911e-07
1.226323768959154950e+04 2.280561856740282911e-07
1.254946425942315000e+04 2.280561856740282911e-07
1.284237141812951631e+04 2.280561856740282911e-07
1.314211509207254130e+04 2.280561856740282911e-07
1.344885484696849926e+04 2.280561856740282911e-07
1.376275397283132588e+04 2.280561856740282911e-07
1.408397957089857664e+04 2.280561856740282911e-07
1.441270264258610405e+04 2.280561856740282911e-07
1.474909818051909315e+04 2.280561856740282911e-07
1.509334526168777302e+04 2.280561856740282911e-07
1.544562714277728446e+04 2.280561856740282911e-07
1.580613135772269561e+04 2.280561856740282911e-07
1.617504981754089749e+04 2.280561856740282911e-07
1.655257891249268869e+04 2.280561856740282911e-07
1.693891961662916947e+04 2.280561856740282911e-07
1.733427759477846485e+04 2.280561856740282911e-07
1.773886331202940710e+04 2.280561856740282911e-07
1.815289214577071471e+04 2.280561856740282911e-07
1.857658450034499765e+04 2.280561856740282911e-07
1.901016592437900545e+04 2.280561856740282911e-07
1.945386723085233825e+04 2.280561856740282911e-07
1.990792461996846760e+04 2.280561856740282911e-07
2.037257980489372858e+04 2.280561856740282911e-07
2.084808014043111689e+04 2.280561856740282911e-07
2.133467875469714272e+04 2.280561856740282911e-07
2.183263468387229659e+04 2.280561856740282911e-07
2.234221301009648232e+04 2.280561856740282911e-07
2.286368500258300628e+04 2.280561856740282911e-07
2.339732826202611614e+04 2.280561856740282911e-07
2.394342686837931251e+04 2.280561856740282911e-07
2.450227153208235541e+04 2.280561856740282911e-07
2.507415974881839429e+04 2.280561856740282911e-07
2.565939595788294901e+04 2.280561856740282911e-07
2.625829170424930635e+04 2.280561856740282911e-07
2.687116580441652695e+04 2.280561856740282911e-07
2.749834451612841076e+04 2.280561856740282911e-07
2.814016171205367209e+04 2.280561856740282911e-07
2.879695905752013277e+04 2.280561856740282911e-07
2.946908619239668769e+04 2.280561856740282911e-07
3.015690091722102079e+04 2.280561856740282911e-07
3.086076938367128969e+04 2.280561856740282911e-07
3.158106628948351499e+04 2.280561856740282911e-07
3.231817507791838216e+04 2.280561856740282911e-07
3.307248814188357210e+04 2.280561856740282911e-07
3.384440703282070899e+04 2.280561856740282911e-07
3.463434267446705780e+04 2.280561856740282911e-07
3.544271558160716813e+04 2.280561856740282911e-07
3.626995608392990835e+04 2.280561856740282911e-07
3.711650455511037580e+04 2.280561856740282911e-07
3.798281164723871188e+04 2.280561856740282911e-07
3.886933853072036436e+04 2.280561856740282911e-07
3.977655713977615233e+04 2.280561856740282911e-07
4.070495042367151473e+04 2.280561856740282911e-07
4.165501260381028987e+04 2.280561856740282911e-07
4.262724943682875164e+04 2.280561856740282911e-07
4.362217848383040109e+04 2.280561856740282911e-07
4.464032938590468984e+04 2.280561856740282911e-07
4.568224414607651124e+04 2.280561856740282911e-07
4.674847741783624951e+04 2.280561856740282911e-07
4.783959680040474632e+04 2.280561856740282911e-07
4.895618314088880288e+04 2.280561856740282911e-07
5.009883084349004639e+04 2.280561856740282911e-07
5.126814818593030213e+04 2.280561856740282911e-07
5.246475764326247008e+04 2.280561856740282911e-07
5.368929621923930245e+04 2.280561856740282911e-07
5.494241578541617491e+04 2.280561856740282911e-07
5.622478342816922668e+04 2.280561856740282911e-07
5.753708180381183047e+04 2.280561856740282911e-07
5.888000950200067746e+04 2.280561856740282911e-07
6.025428141762328596e+04 2.280561856740282911e-07
6.166062913136553834e+04 2.280561856740282911e-07
6.309980129916177248e+04 2.280561856740282911e-07
6.457256405073453789e+04 2.280561856740282911e-07
6.607970139743709296e+04 2.280561856740282911e-07
6.762201564961363329e+04 2.280561856740282911e-07
6.920032784370217996e+04 2.280561856740282911e-07
7.081547817930539895e+04 2.280561856740282911e-07
7.246832646646299690e+04 2.280561856740282911e-07
7.415975258336344268e+04 2.280561856740282911e-07
7.589065694473884651e+04 2.280561856740282911e-07
7.766196098119202361e+04 2.280561856740282911e-07
7.947460762971208896e+04 2.280561856740282911e-07
8.132956183563708328e+04 2.280561856740282911e-07
8.322781106633413583e+04 2.280561856740282911e-07
8.517036583686829545e+04 2.280561856740282911e-07
8.715826024794059049e+04 2.280561856740282911e-07
8.919255253638191789e+04 2.280561856740282911e-07
9.127432563849508006e+04 2.280561856740282911e-07
9.340468776654661633e+04 2.280561856740282911e-07
9.558477299871189462e+04 2.280561856740282911e-07
9.781574188279180089e+04 2.280561856740282911e-07
1.000987820540190733e+05 2.280561856740282911e-07
1.024351088672848273e+05 2.280561856740282911e-07
1.048259660441212327e+05 2.280561856740282911e-07
1.072726263347846834e+05 2.280561856740282911e-07
1.097763921957933198e+05 2.280561856740282911e-07
1.123385964832760801e+05 2.280561856740282911e-07
1.149606031625070173e+05 2.280561856740282911e-07
1.176438080339991138e+05 2.280561856740282911e-07
1.203896394765454897e+05 2.280561856740282911e-07
1.231995592076033790e+05 2.280561856740282911e-07
1.260750630614256370e+05 2.280561856740282911e-07
1.290176817853537214e+05 2.280561856740282911e-07
1.320289818546976603e+05 2.280561856740282911e-07
1.351105663066327979e+05 2.280561856740282911e-07
1.382640755935625639e+05 2.280561856740282911e-07
1.414911884563975618e+05 2.280561856740282911e-07
1.447936228182175255e+05 2.280561856740282911e-07
1.481731366987913498e+05 2.280561856740282911e-07
1.516315291504420456e+05 2.280561856740282911e-07
1.551706412157565646e+05 2.280561856740282911e-07
1.587923569076455024e+05 2.280561856740282911e-07
1.624986042122809449e+05 2.280561856740282911e-07
1.662913561154412746e+05 2.280561856740282911e-07
1.701726316528116295e+05 2.280561856740282911e-07
1.741444969847984321e+05 2.280561856740282911e-07
1.782090664964300813e+05 2.280561856740282911e-07
1.823685039229312388e+05 2.280561856740282911e-07
1.866250235015648068e+05 2.280561856740282911e-07
1.909808911503615673e+05 2.280561856740282911e-07
1.954384256743599253e+05 2.280561856740282911e-07
2.000000000000000000e+05 2.280561856740282911e-07
