1.871114523632538829e+00 6.888166103122640715e-02
1.912749028720948319e+00 7.002037049883921838e-02
1.955641887131376322e+00 7.097848208247574398e-02
2.000023296499091163e+00 7.165516512607325583e-02
2.043739076293620727e+00 7.320999148847315285e-02
2.091005928653765888e+00 7.343297389027866884e-02
2.135608388767554988e+00 7.554508015682076527e-02
2.182021436804561176e+00 7.723700385278314817e-02
2.229855024873625968e+00 7.873231340380405785e-02
2.279616186294892710e+00 7.981318075046411886e-02
2.328656846956296267e+00 8.174501185489278787e-02
2.379023403533365943e+00 8.355690026133523463e-02
2.431584142847564411e+00 8.487867884681910002e-02
2.488692864468778243e+00 8.472391230330206247e-02
2.539561805125110094e+00 8.780680198012499882e-02
2.594009441193641852e+00 8.983071718116940330e-02
2.649971733363030602e+00 9.171529666538050241e-02
2.708886710396178898e+00 9.289851145012827105e-02
2.768178123138171909e+00 9.445191376706410513e-02
2.831518209930577346e+00 9.494271440604801215e-02
2.892210754882224233e+00 9.698543291198689908e-02
2.953471681102314950e+00 9.930455199515506037e-02
3.018792097537288832e+00 1.006206908978913989e-01
3.083001339236132399e+00 1.028519213215352973e-01
3.149688478455727747e+00 1.046974608719263011e-01
3.218416695281442141e+00 1.063402815678152757e-01
3.288093269906531280e+00 1.081713284349481025e-01
3.358170636716952373e+00 1.103715300144411521e-01
3.430958138854665940e+00 1.121815816745437011e-01
3.504607859933659419e+00 1.142219951842603359e-01
3.579349397464185234e+00 1.164187044651554676e-01
3.655972698994507386e+00 1.185316931614145974e-01
3.735437441917040413e+00 1.202883265651258637e-01
3.827414460199053181e+00 1.188859618325058820e-01
3.897407144766661613e+00 1.244381745029805725e-01
3.982897937870997218e+00 1.259840037068373775e-01
4.066319271985437744e+00 1.286257737019888547e-01
4.151477409213826242e+00 1.312765885911282571e-01
4.239362146494675798e+00 1.336813470365717793e-01
4.331711287903002194e+00 1.354082772485601660e-01
4.425274330047794358e+00 1.373428464391774906e-01
4.517888522288969533e+00 1.400296019107856726e-01
4.612207264840605170e+00 1.427806115120331121e-01
4.715748018948819897e+00 1.437763915943288950e-01
4.813043878890646887e+00 1.468112329373940927e-01
4.910567751552350479e+00 1.502707910650956380e-01
5.020159123531213297e+00 1.514215572818544964e-01
5.122779100747782977e+00 1.546922484170845102e-01
5.226451278592742611e+00 1.582038741249444103e-01
5.338919692218347279e+00 1.602686857589608604e-01
5.450356751535479383e+00 1.630732567489928952e-01
5.563564578651779335e+00 1.660009554600422599e-01
5.682312678895836022e+00 1.682800269196644549e-01
5.799003383506933673e+00 1.714904640107446088e-01
5.922516464647373802e+00 1.738318339141806668e-01
6.044309719173384998e+00 1.770244650229003680e-01
6.182354429965068121e+00 1.776014748694076661e-01
6.299728570417790330e+00 1.826342227799078177e-01
6.427767627746302281e+00 1.861296227911331536e-01
6.561451981526019495e+00 1.890836443441319681e-01
6.698247776690554822e+00 1.919861022879204571e-01
6.833545318542456393e+00 1.956563141078058177e-01
6.976157252544131104e+00 1.985501731432796624e-01
7.126087517306093133e+00 2.007189615276937233e-01
7.264864552189590263e+00 2.052719214754371024e-01
7.414423931367891463e+00 2.085237427212840999e-01
7.580413983797408051e+00 2.096499640227641181e-01
7.719821912517093487e+00 2.155292087762677722e-01
7.882966595470737303e+00 2.181563540842930415e-01
8.041787395878625233e+00 2.219689589939815577e-01
8.206092779932264492e+00 2.254522072279037670e-01
8.371425790451390014e+00 2.292873417715581008e-01
8.537783234265562626e+00 2.334676310825101742e-01
8.715551725406140093e+00 2.365111498106850507e-01
8.890498563242669405e+00 2.404716563452388434e-01
9.067719467945790868e+00 2.446146996960172348e-01
9.273505491211018636e+00 2.454007080348901138e-01
9.441343603357291059e+00 2.518124842399807606e-01
9.625011092808035684e+00 2.565850347915558105e-01
9.821255425698675268e+00 2.602193854833267928e-01
1.002180029994032751e+01 2.638265004128694802e-01
1.021779344011379820e+01 2.685165078537333772e-01
1.042191403741736266e+01 2.726992716313235143e-01
1.062580301250456927e+01 2.774136773920132248e-01
1.084201634784312063e+01 2.811598047821336488e-01
1.105205735364778086e+01 2.861460032918899943e-01
1.129730736726102158e+01 2.875926761236384244e-01
1.150660253681363798e+01 2.936785304317680034e-01
1.173698037281809192e+01 2.978877828223049917e-01
1.195733691251831132e+01 3.037042959364740224e-01
1.218900288399930787e+01 3.087763033348594477e-01
1.243063963760276458e+01 3.132885760110988849e-01
1.267713976307168977e+01 3.178088040583101903e-01
1.291851496497929297e+01 3.233695284656289970e-01
1.317285341359225725e+01 3.281095639504213457e-01
1.342817842691000152e+01 3.332656800924257978e-01
1.369654646766473505e+01 3.376508446228185800e-01
1.397735205799458136e+01 3.413712051849111528e-01
1.422676771628229631e+01 3.486140589698355496e-01
1.449706672751547565e+01 3.543590861893840538e-01
1.477649125274598063e+01 3.597613188863721945e-01
1.507850870136991261e+01 3.636271917758853722e-01
1.535908775595364517e+01 3.699624453487601605e-01
1.565328685693742017e+01 3.755886375625211993e-01
1.594161771801280558e+01 3.822346430293465103e-01
1.624644007116806321e+01 3.879569349420999846e-01
1.656112181130007954e+01 3.933637017782270484e-01
1.687886167686924921e+01 3.990432166219308185e-01
1.721444418114093011e+01 4.037873338582524396e-01
1.752975316626710978e+01 4.107126590157422763e-01
1.785715569852683871e+01 4.171705514034678153e-01
1.820230751768962207e+01 4.227480443207660699e-01
1.852712302157834401e+01 4.304296360040769098e-01
1.888825336392310206e+01 4.358290144028308388e-01
1.922855811121696945e+01 4.433373349734578972e-01
1.958987500730303211e+01 4.497827894504601853e-01
1.995384287082413266e+01 4.565590534560287073e-01
2.031713715550835175e+01 4.639025679912481270e-01
2.069713805740391166e+01 4.705656879164406559e-01
2.109500207713800535e+01 4.765059204368866097e-01
2.147587931497428571e+01 4.841706893654917354e-01
2.186615682860941590e+01 4.917030810055241785e-01
2.227133196194091269e+01 4.987482678001241010e-01
2.268557075051182181e+01 5.057234540602376649e-01
2.309935790025469160e+01 5.132652448710796067e-01
2.351762812147570614e+01 5.210429832846862341e-01
2.394613427151807983e+01 5.286907313449872303e-01
2.438167274271529905e+01 5.364257885596119824e-01
2.481743503800927542e+01 5.446789638987337145e-01
2.527802123847901328e+01 5.519298683028193153e-01
2.572366018270168553e+01 5.606389520822471217e-01
2.619040381077060076e+01 5.686030373524246784e-01
2.666580147712883431e+01 5.765968144127140427e-01
2.714459387166305859e+01 5.849369051918505980e-01
2.763299085590547577e+01 5.932630086783258205e-01
2.811686905609705178e+01 6.023908196545713079e-01
2.862291856755530617e+01 6.107996685319181385e-01
2.913185063003865594e+01 6.195986725787387961e-01
2.964859626231572776e+01 6.285136029670899127e-01
3.017103630681953419e+01 6.376660253452540728e-01
3.070047167465131110e+01 6.469884704859105717e-01
3.124613358812318253e+01 6.559962987416280145e-01
3.178662546106239972e+01 6.658322374045286818e-01
3.235124642657711291e+01 6.749610385992855788e-01
3.291180833906022940e+01 6.848607838846276774e-01
3.348382522037942977e+01 6.947308724986001049e-01
3.406388658783160395e+01 7.047537294320488366e-01
3.465236769337614930e+01 7.149164783596023698e-01
3.524683334268410562e+01 7.253444948683249738e-01
3.585337010815648284e+01 7.357452414865081058e-01
3.646764228228727944e+01 7.463380697091420712e-01
3.709024383002661551e+01 7.570995171054856199e-01
3.771908594305968876e+01 7.681329928409540431e-01
3.836114452980205414e+01 7.791172550661631391e-01
3.901377177944929286e+01 7.901862985863628008e-01
3.967874445584799759e+01 8.012678047523733582e-01
4.034559430694043414e+01 8.128427371552664482e-01
4.102541842557418761e+01 8.244134657693515944e-01
4.171234188079160532e+01 8.362497723053291532e-01
4.240848384532680626e+01 8.482623730323567424e-01
4.312088444500948725e+01 8.601533491132515863e-01
4.383637836984455305e+01 8.724998074786270985e-01
4.456668401274767888e+01 8.848038797384881748e-01
4.530276071066734289e+01 8.974566401993046005e-01
4.605562975797911207e+01 9.100020951893368348e-01
4.681385239473969762e+01 9.229244761380949180e-01
4.758314690137631686e+01 9.359916878760170533e-01
4.836201679631197692e+01 9.492712864474077694e-01
4.915436329966316009e+01 9.626129227207471661e-01
4.995440240391197051e+01 9.762550889213980065e-01
5.077203093791334254e+01 9.898130429305875833e-01
5.159548131014130945e+01 1.003757593739342591e+00
5.243102022921927841e+01 1.017848614416298147e+00
5.327983646629402159e+01 1.032048392787386693e+00
5.413946501330318029e+01 1.046458818809969049e+00
5.500939072586110257e+01 1.061105275446110774e+00
5.589296346536949045e+01 1.075868855094004095e+00
5.678962281024248426e+01 1.090778886102544920e+00
5.769381605383788525e+01 1.106046056425465052e+00
5.861671366255431792e+01 1.121268797822572383e+00
5.955255110014256559e+01 1.136666985754791082e+00
6.049754905545257344e+01 1.152382586446171864e+00
6.145985401079064303e+01 1.168132232598981579e+00
6.243179094734011869e+01 1.184195645034579636e+00
6.342473428230395172e+01 1.200182540334980841e+00
6.442475054817005287e+01 1.216586402977143155e+00
6.544609611601349286e+01 1.232922782002777051e+00
6.647460924692879303e+01 1.249684921772759916e+00
6.753095634914674861e+01 1.266181191040545162e+00
6.859919012656222037e+01 1.282961472243142831e+00
6.968606051505771859e+01 1.299808618587470210e+00
7.079225130354467410e+01 1.316711354403142131e+00
7.191114469691429179e+01 1.333895942888597697e+00
7.305169710744404199e+01 1.351080077500374843e+00
7.421187864897454745e+01 1.368341611021256732e+00
7.539042290376652034e+01 1.385731868003176714e+00
7.658935982399394504e+01 1.403197214315220043e+00
7.781587385541497781e+01 1.420525669188810181e+00
7.905314606221732276e+01 1.438253034548684139e+00
8.032380900400278279e+01 1.455690763961977829e+00
8.161659003943474033e+01 1.473201867764679873e+00
8.293442704132360177e+01 1.490710222008051700e+00
8.427856960234309724e+01 1.508192909644739732e+00
8.564932913178787999e+01 1.525655813710940389e+00
8.704684648690982840e+01 1.543109907412581139e+00
8.847371775833457264e+01 1.560495016678443259e+00
8.993729238512094071e+01 1.577617332830998809e+00
9.142903953810592554e+01 1.594741719797029944e+00
9.296655198566676859e+01 1.611389229274149626e+00
9.453117810149566935e+01 1.628108567776251014e+00
9.613629383901563585e+01 1.644545459590279535e+00
9.777677367059898472e+01 1.660864441023648386e+00
9.946983496587333207e+01 1.676622320648322395e+00
1.011878469842687878e+02 1.692589682935808471e+00
1.029535143513634665e+02 1.708179191484034298e+00
1.047484342649021016e+02 1.723899455437975181e+00
1.065819516464111700e+02 1.739523211804757885e+00
1.084582908818303508e+02 1.754964053846328031e+00
1.103846792165455497e+02 1.770064829485083591e+00
1.123620641124189206e+02 1.784832409363282135e+00
1.144175208645633148e+02 1.798635120251394159e+00
1.165535440488799424e+02 1.811469456288454571e+00
1.187814969384177601e+02 1.823124944109722589e+00
1.211112184509063781e+02 1.833443520024571338e+00
1.235459541287801244e+02 1.842434369941768457e+00
1.260863957764134540e+02 1.850170122959209573e+00
1.287517511081248074e+02 1.856313742153510749e+00
1.315281870295791293e+02 1.861279346224676390e+00
1.344258751767842170e+02 1.864944817501560825e+00
1.374539163049513206e+02 1.867226856061307227e+00
1.406177853502969697e+02 1.868130846608426543e+00
1.439248348776125113e+02 1.867632635630494864e+00
1.473816178795936196e+02 1.865734648365046544e+00
1.509930366286119181e+02 1.862479697158261560e+00
1.547581967106695515e+02 1.858022963216680923e+00
1.586920733529514109e+02 1.852227613620046398e+00
1.627891285672275501e+02 1.845339259601388671e+00
1.670662694749200057e+02 1.837205019850058019e+00
1.715489072210990003e+02 1.827558369269588034e+00
1.762713258544323480e+02 1.816034062438348418e+00
1.812678766831565724e+02 1.802326716961790476e+00
1.865719087071081219e+02 1.786207137391963906e+00
1.922146282719845942e+02 1.767535873315658979e+00
1.982181640065293209e+02 1.746352543640269372e+00
2.046038537887524456e+02 1.722738708643900774e+00
2.113894534177973696e+02 1.696848186857983665e+00
2.186081063900436163e+02 1.668662131690874073e+00
2.262959453433033445e+02 1.638172098567884261e+00
2.344971042038482665e+02 1.605328267512002860e+00
2.432827171386679197e+02 1.569855581880007289e+00
2.527575056889762948e+02 1.531255328473560606e+00
2.630067613619244185e+02 1.489391156153880846e+00
2.741554542563910672e+02 1.443898728186646663e+00
2.863365205933313291e+02 1.394547147971324952e+00
2.997005012443907503e+02 1.341168686520809228e+00
3.143918373933629482e+02 1.283857244369321249e+00
3.305689527319318586e+02 1.222788771564623511e+00
3.483746716739737508e+02 1.158408903678254109e+00
3.679369917668048515e+02 1.091350781982239893e+00
3.893497898832946476e+02 1.022462285721864816e+00
4.127175336595405497e+02 9.524840596062758014e-01
4.380764707616141322e+02 8.823939956699626830e-01
4.654314583579723035e+02 8.131125453749640242e-01
4.948442261173263432e+02 7.451470581807951854e-01
5.262778401366039134e+02 6.792118608828396908e-01
5.597175782790872063e+02 6.157407209805508819e-01
5.951146152515880203e+02 5.551061571299027442e-01
6.323536779872086981e+02 4.976855793706329578e-01
6.713611644853694997e+02 4.435921829142674411e-01
7.118519535575335340e+02 3.932565582083260014e-01
7.536819408336900779e+02 3.466437138926397044e-01
7.963597291984586946e+02 3.042221363496497855e-01
8.396895502770196344e+02 2.657914240566638386e-01
8.834316810565725291e+02 2.311981888538443830e-01
9.273211072435919959e+02 2.003028368393916236e-01
9.711013406161297326e+02 1.729418015424434296e-01
1.014527878948635930e+03 1.489392656751064858e-01
1.057644667149032784e+03 1.278239528062680985e-01
1.100236001187872716e+03 1.094692923043927013e-01
1.141936972742237231e+03 9.390357988688358137e-02
1.182610078320870116e+03 8.093515699090805815e-02
1.222345203160665505e+03 7.020601023106028127e-02
1.261205167137972467e+03 6.144026164244436455e-02
1.299160793666229438e+03 5.448020749265603674e-02
1.336622235445385968e+03 4.884834402442924522e-02
1.374145198089916903e+03 4.401994118764689101e-02
1.411933111401035376e+03 3.979406821521019183e-02
1.450329947341402431e+03 3.589248875279372336e-02
1.489344654102138747e+03 3.230095203155557843e-02
1.529197294643236091e+03 2.886420445922785460e-02
1.569901696807025701e+03 2.557909564264049598e-02
1.611408860053008766e+03 2.248256611032885266e-02
1.653763562002829303e+03 1.954941631185175277e-02
1.697020398627675831e+03 1.675115979018423212e-02
1.741227637248942756e+03 1.406601326911148704e-02
1.786201591430568897e+03 1.160588537765960652e-02
1.831864448414994513e+03 9.412143593178039225e-03
1.878126578711754746e+03 7.527805967208410845e-03
1.925084222375608306e+03 5.893970500577460671e-03
1.972635638402226732e+03 4.558203651227568654e-03
2.020916909723847311e+03 3.444973711307862917e-03
2.069168924065052579e+03 2.919585442498586533e-03
2.119453931951988579e+03 1.977844473797069156e-03
2.170509050762662810e+03 1.245411506384060856e-03
2.222491377930312410e+03 6.497592411046588861e-04
2.275842068810768524e+03 2.280561856740282911e-07
2.328960705611475987e+03 2.280561856740282911e-07
2.383319142666444350e+03 2.280561856740282911e-07
2.438946317176681987e+03 2.280561856740282911e-07
2.495871841743610730e+03 2.280561856740282911e-07
2.554126020133048769e+03 2.280561856740282911e-07
2.613739863407148732e+03 2.280561856740282911e-07
2.674745106432826105e+03 2.280561856740282911e-07
2.737174224775521907e+03 2.280561856740282911e-07
2.801060451987276792e+03 2.280561856740282911e-07
2.866437797298277019e+03 2.280561856740282911e-07
2.933341063721362843e+03 2.280561856740282911e-07
3.001805866579073609e+03 2.280561856740282911e-07
3.071868652463145736e+03 2.280561856740282911e-07
3.143566718636490350e+03 2.280561856740282911e-07
3.216938232888047423e+03 2.280561856740282911e-07
3.292022253851061123e+03 2.280561856740282911e-07
3.368858751795552962e+03 2.280561856740282911e-07
3.447488629906132246e+03 2.280561856740282911e-07
3.527953746056412456e+03 2.280561856740282911e-07
3.610296935091668274e+03 2.280561856740282911e-07
3.694562031631543505e+03 2.280561856740282911e-07
3.780793893405008475e+03 2.280561856740282911e-07
3.869038425129942880e+03 2.280561856740282911e-07
3.959342602950093351e+03 2.280561856740282911e-07
4.051754499442357428e+03 2.280561856740282911e-07
4.146323309207779857e+03 2.280561856740282911e-07
4.243099375059841805e+03 2.280561856740282911e-07
4.342134214823962793e+03 2.280561856740282911e-07
4.443480548762544458e+03 2.280561856740282911e-07
4.547192327640093026e+03 2.280561856740282911e-07
4.653324761443420357e+03 2.280561856740282911e-07
4.761934348772132580e+03 2.280561856740282911e-07
4.873078906915144216e+03 2.280561856740282911e-07
4.986817602629154862e+03 2.280561856740282911e-07
5.103210983635535740e+03 2.280561856740282911e-07
5.222321010852308063e+03 2.280561856740282911e-07
5.344211091378468154e+03 2.280561856740282911e-07
5.468946112248169811e+03 2.280561856740282911e-07
5.596592474972699165e+03 2.280561856740282911e-07
5.727218130888710220e+03 2.280561856740282911e-07
5.860892617331467591e+03 2.280561856740282911e-07
5.997687094652413180e+03 2.280561856740282911e-07
6.137674384100674615e+03 2.280561856740282911e-07
6.280929006588791708e+03 2.280561856740282911e-07
6.427527222363209148e+03 2.280561856740282911e-07
6.577547071600723939e+03 2.280561856740282911e-07
6.731068415952399846e+03 2.280561856740282911e-07
6.888172981057183279e+03 2.280561856740282911e-07
7.048944400047795170e+03 2.280561856740282911e-07
7.213468258071999117e+03 2.280561856740282911e-07
7.381832137853075437e+03 2.280561856740282911e-07
7.554125666313642796e+03 2.280561856740282911e-07
7.730440562287735702e+03 2.280561856740282911e-07
7.910870685346409118e+03 2.280561856740282911e-07
8.095512085763037248e+03 2.280561856740282911e-07
8.284463055644742781e+03 2.280561856740282911e-07
8.477824181257310556e+03 2.280561856740282911e-07
8.675698396571293415e+03 2.280561856740282911e-07
8.878191038057948390e+03 2.280561856740282911e-07
9.085409900764159829e+03 2.280561856740282911e-07
9.297465295696041721e+03 2.280561856740282911e-07
9.514470108542016533e+03 2.280561856740282911e-07
9.736539859766415248e+03 2.280561856740282911e-07
9.963792766105747432e+03 2.280561856740282911e-07
1.019634980350020487e+04 2.280561856740282911e-07
1.043433477149411010e+04 2.280561856740282911e-07
1.067787435913940135e+04 2.280561856740282911e-07
1.092709821243741135e+04 2.280561856740282911e-07
1.118213900335461767e+04 2.280561856740282911e-07
1.144313250044934102e+04 2.280561856740282911e-07
1.171021764114690632e+04 2.280561856740282911e-07
1.198353660570158900e+04 2.280561856740282911e-07
1.226323489288497512e+04 2.280561856740282911e-07
1.254946139744085121e+04 2.280561856740282911e-07
1.284236848934794398e+04 2.280561856740282911e-07
1.314211209493258502e+04 2.280561856740282911e-07
1.344885177987465977e+04 2.280561856740282911e-07
1.376275083415086556e+04 2.280561856740282911e-07
1.408397635896064821e+04 2.280561856740282911e-07
1.441269935568086294e+04 2.280561856740282911e-07
1.474909481689678614e+04 2.280561856740282911e-07
1.509334181955780878e+04 2.280561856740282911e-07
1.544562362030727490e+04 2.280561856740282911e-07
1.580612775303749004e+04 2.280561856740282911e-07
1.617504612872157304e+04 2.280561856740282911e-07
1.655257513757553897e+04 2.280561856740282911e-07
1.693891575360465140e+04 2.280561856740282911e-07
1.733427364159013450e+04 2.280561856740282911e-07
1.773885926657282471e+04 2.280561856740282911e-07
1.815288800589231687e+04 2.280561856740282911e-07
1.857658026384095865e+04 2.280561856740282911e-07
1.901016158899406219e+04 2.280561856740282911e-07
1.945386279427859336e+04 2.280561856740282911e-07
1.990792007984414886e+04 2.280561856740282911e-07
2.037257515880194478e+04 2.280561856740282911e-07
2.084807538589856631e+04 2.280561856740282911e-07
2.133467388919279256e+04 2.280561856740282911e-07
2.183262970480604054e+04 2.280561856740282911e-07
2.234220791481776541e+04 2.280561856740282911e-07
2.286367978837940245e+04 2.280561856740282911e-07
2.339732292612189485e+04 2.280561856740282911e-07
2.394342140793395447e+04 2.280561856740282911e-07
2.450226594418904278e+04 2.280561856740282911e-07
2.507415403050246459e+04 2.280561856740282911e-07
2.565939010610031255e+04 2.280561856740282911e-07
2.625828571588482373e+04 2.280561856740282911e-07
2.687115967628234648e+04 2.280561856740282911e-07
2.749833824496227680e+04 2.280561856740282911e-07
2.814015529451718976e+04 2.280561856740282911e-07
2.879695249019698895e+04 2.280561856740282911e-07
2.946907947179082839e+04 2.280561856740282911e-07
3.015689403975479217e+04 2.280561856740282911e-07
3.086076234568354266e+04 2.280561856740282911e-07
3.158105908722763706e+04 2.280561856740282911e-07
3.231816770756032565e+04 2.280561856740282911e-07
3.307248059949979506e+04 2.280561856740282911e-07
3.384439931439609063e+04 2.280561856740282911e-07
3.463433477589277754e+04 2.280561856740282911e-07
3.544270749867848644e+04 2.280561856740282911e-07
3.626994781234395487e+04 2.280561856740282911e-07
3.711649609046385012e+04 2.280561856740282911e-07
3.798280298502554069e+04 2.280561856740282911e-07
3.886932966632930038e+04 2.280561856740282911e-07
3.977654806848832231e+04 2.280561856740282911e-07
4.070494114065790200e+04 2.280561856740282911e-07
4.165500310412916588e+04 2.280561856740282911e-07
4.262723971542305662e+04 2.280561856740282911e-07
4.362216853552503017e+04 2.280561856740282911e-07
4.464031920540376450e+04 2.280561856740282911e-07
4.568223372796053445e+04 2.280561856740282911e-07
4.674846675655923173e+04 2.280561856740282911e-07
4.783958589029125869e+04 2.280561856740282911e-07
4.895617197613095777e+04 2.280561856740282911e-07
5.009881941814438323e+04 2.280561856740282911e-07
5.126813649391464423e+04 2.280561856740282911e-07
5.246474567835268681e+04 2.280561856740282911e-07
5.368928397506598412e+04 2.280561856740282911e-07
5.494240325546125678e+04 2.280561856740282911e-07
5.622477060576249642e+04 2.280561856740282911e-07
5.753706868212740665e+04 2.280561856740282911e-07
5.887999607405335701e+04 2.280561856740282911e-07
6.025426767626482615e+04 2.280561856740282911e-07
6.166061506928085873e+04 2.280561856740282911e-07
6.309978690886504774e+04 2.280561856740282911e-07
6.457254932456523966e+04 2.280561856740282911e-07
6.607968632755587169e+04 2.280561856740282911e-07
6.762200022799818544e+04 2.280561856740282911e-07
6.920031206214295526e+04 2.280561856740282911e-07
7.081546202940124203e+04 2.280561856740282911e-07
7.246830993961665081e+04 2.280561856740282911e-07
7.415973567077699408e+04 2.280561856740282911e-07
7.589063963740904001e+04 2.280561856740282911e-07
7.766194326990545960e+04 2.280561856740282911e-07
7.947458950504034874e+04 2.280561856740282911e-07
8.132954328793165041e+04 2.280561856740282911e-07
8.322779208572133211e+04 2.280561856740282911e-07
8.517034641324395488e+04 2.280561856740282911e-07
8.715824037096473330e+04 2.280561856740282911e-07
8.919253219547323533e+04 2.280561856740282911e-07
9.127430482282527373e+04 2.280561856740282911e-07
9.340466646503465017e+04 2.280561856740282911e-07
9.558475120001813048e+04 2.280561856740282911e-07
9.781571957531188673e+04 2.280561856740282911e-07
1.000987592258778459e+05 2.280561856740282911e-07
1.024350855063299387e+05 2.280561856740282911e-07
1.048259421379167034e+05 2.280561856740282911e-07
1.072726018706042669e+05 2.280561856740282911e-07
1.097763671606137505e+05 2.280561856740282911e-07
1.123385708637701027e+05 2.280561856740282911e-07
1.149605769450363296e+05 2.280561856740282911e-07
1.176437812046071049e+05 2.280561856740282911e-07
1.203896120209497749e+05 2.280561856740282911e-07
1.231995311111882329e+05 2.280561856740282911e-07
1.260750343092341936e+05 2.280561856740282911e-07
1.290176523620800290e+05 2.280561856740282911e-07
1.320289517446785176e+05 2.280561856740282911e-07
1.351105354938394157e+05 2.280561856740282911e-07
1.382640440615920525e+05 2.280561856740282911e-07
1.414911561884641706e+05 2.280561856740282911e-07
1.447935897971437080e+05 2.280561856740282911e-07
1.481731029069986835e+05 2.280561856740282911e-07
1.516314945699417731e+05 2.280561856740282911e-07
1.551706058281400765e+05 2.280561856740282911e-07
1.587923206940745295e+05 2.280561856740282911e-07
1.624985671534775465e+05 2.280561856740282911e-07
1.662913181916775357e+05 2.280561856740282911e-07
1.701725928438991832e+05 2.280561856740282911e-07
1.741444572700777499e+05 2.280561856740282911e-07
1.782090258547593839e+05 2.280561856740282911e-07
1.823684623326753208e+05 2.280561856740282911e-07
1.866249809405834822e+05 2.280561856740282911e-07
1.909808475959979114e+05 2.280561856740282911e-07
1.954383811034281971e+05 2.280561856740282911e-07
1.999999543887732725e+05 2.280561856740282911e-07
