1.785245557259085292e+00 1.202940636752685560e-01
1.823495927487516877e+00 1.223937457339316914e-01
1.862557318657550365e+00 1.245025099611202779e-01
1.902404396367933570e+00 1.266454704151115940e-01
1.943008480178940456e+00 1.288479793313820898e-01
1.984371077153137763e+00 1.311164218524833447e-01
2.026590965941384770e+00 1.334024153283498437e-01
2.069601910707192793e+00 1.357518674316913754e-01
2.113407695335499881e+00 1.381697316831088651e-01
2.158056058068440919e+00 1.406374713067179982e-01
2.203642393185761605e+00 1.431133001916110592e-01
2.249979658540496530e+00 1.457024577964149969e-01
2.297339433164923062e+00 1.482734132862304210e-01
2.345723753095596553e+00 1.508365624491626866e-01
2.394934088372100423e+00 1.534983860628076069e-01
2.445195769214306925e+00 1.561573945382606909e-01
2.496530696562787366e+00 1.588139817493066930e-01
2.548708941218361002e+00 1.615835004148375997e-01
2.602095863253100383e+00 1.643067756654763012e-01
2.656305374419687393e+00 1.671663448517704542e-01
2.711756914265813556e+00 1.699843191424728617e-01
2.768108248974928021e+00 1.729183150358674093e-01
2.825627457298655720e+00 1.758609704497249848e-01
2.884354086873861966e+00 1.788060161845612117e-01
2.944002975037588232e+00 1.818781754604642531e-01
3.004894266002748449e+00 1.849548495417746019e-01
3.066960326939009551e+00 1.880723252025275349e-01
3.130285950893412661e+00 1.912065307888992094e-01
3.194712325895997296e+00 1.944263083094120437e-01
3.260324640222884263e+00 1.977062387771214569e-01
3.327236592359359424e+00 2.010124637128616332e-01
3.395422050052300023e+00 2.043631904597088822e-01
3.464908476644949165e+00 2.077568538970592238e-01
3.535772944900539283e+00 2.111751451143939473e-01
3.607902449937542055e+00 2.146651512798422590e-01
3.681301806331402915e+00 2.182319196775920067e-01
3.756107966772432416e+00 2.218372781247379411e-01
3.832276287827657946e+00 2.255038124536595245e-01
3.909699365168489038e+00 2.292724682699018857e-01
3.988533701265604137e+00 2.330999859360529669e-01
4.068909029094923469e+00 2.369541975064310968e-01
4.150602887483786141e+00 2.409104877447811044e-01
4.233963380562920875e+00 2.448716639193098676e-01
4.318841418484519856e+00 2.488907857779264210e-01
4.405253876776713540e+00 2.529704165361393309e-01
4.493316401782035285e+00 2.570854458227554984e-01
4.583075543487271197e+00 2.612315422190845116e-01
4.674415970201761361e+00 2.654486369408817770e-01
4.767403702646777042e+00 2.697259339356350427e-01
4.862080905566108058e+00 2.740596989184740928e-01
4.958451862385716780e+00 2.784563314086903607e-01
5.056505523914708533e+00 2.829258435080956313e-01
5.156408823251342533e+00 2.874332965089628766e-01
5.258154377153049452e+00 2.919889142210091992e-01
5.361477558239201358e+00 2.966646390975703484e-01
5.466679066542710963e+00 3.013934652180095819e-01
5.573539065666623493e+00 3.062346220446763301e-01
5.682396501170726033e+00 3.111148790946683396e-01
5.793069760565076720e+00 3.160838565396612010e-01
5.905713380810412083e+00 3.211130868175216535e-01
6.020416138142706153e+00 3.261904287498685329e-01
6.137179697074574669e+00 3.313235087041385141e-01
6.256026799672498306e+00 3.365151318324318130e-01
6.377047400334042493e+00 3.417539287989342922e-01
6.500134669670136311e+00 3.470701305517241986e-01
6.625277683425133013e+00 3.524727245887424032e-01
6.752692248991304602e+00 3.579246861350633413e-01
6.882054703585316346e+00 3.634981739286414215e-01
7.013569097736747082e+00 3.691582293536762593e-01
7.147336703602571006e+00 3.748917925805259066e-01
7.283360639088935606e+00 3.807052826568353421e-01
7.421668454543094207e+00 3.866003069003166592e-01
7.562416239481175140e+00 3.925548299875127323e-01
7.705583158776028618e+00 3.985803102964980416e-01
7.851276777172167876e+00 4.046647177878190393e-01
7.999333336225773472e+00 4.108446876961781014e-01
8.149885519011064616e+00 4.171033786645221286e-01
8.302838691809263594e+00 4.234639777286243190e-01
8.458247561397987724e+00 4.299232566948277823e-01
8.616185722875828290e+00 4.364751266199164981e-01
8.776757901452706179e+00 4.431088271004736678e-01
8.940023748651132252e+00 4.498216131226225878e-01
9.106052594672451761e+00 4.566094656849994937e-01
9.274806302722886642e+00 4.634856684243302549e-01
9.446247765650458206e+00 4.704627585735274287e-01
9.620400493675147047e+00 4.775434144235554124e-01
9.797321322378186537e+00 4.847252373745726817e-01
9.977069717596782183e+00 4.920056771612030255e-01
1.015973051977362829e+01 4.993786895683530180e-01
1.034538110063090244e+01 5.068397528496294546e-01
1.053399540923641631e+01 5.143995716830223053e-01
1.072557161150921345e+01 5.220649882246544138e-01
1.092007640028919191e+01 5.298470246610301748e-01
1.111762615618348526e+01 5.377355577091657013e-01
1.131831773454460510e+01 5.457237562533181485e-01
1.152216606592612358e+01 5.538162998449701613e-01
1.172918591273598032e+01 5.620177808754475146e-01
1.193937619260477234e+01 5.703347706674132267e-01
1.215275712072158676e+01 5.787708719334025975e-01
1.236939875050780024e+01 5.873232354724067239e-01
1.258943747197338503e+01 5.959808592780064807e-01
1.281281669856165095e+01 6.047575611477769009e-01
1.303958983921006443e+01 6.136530120909953201e-01
1.326970811726841504e+01 6.226795156774217466e-01
1.350330531680475588e+01 6.318268571136643752e-01
1.374042150242159899e+01 6.410966112593313726e-01
1.398107806386133944e+01 6.504926077367243487e-01
1.422528199208522537e+01 6.600203037424833274e-01
1.447308945462643592e+01 6.696793574485140343e-01
1.472456582995316232e+01 6.794685144990088022e-01
1.497970486994524464e+01 6.893947783012204233e-01
1.523857961054021715e+01 6.994561228662972141e-01
1.550119818909178804e+01 7.096578933239092724e-01
1.576761915333317177e+01 7.199998267068502544e-01
1.603790885258568366e+01 7.304809545136988769e-01
1.631205907258692989e+01 7.411084343608573821e-01
1.659013265466590070e+01 7.518817413773851710e-01
1.687218558697611215e+01 7.628012152223834219e-01
1.715817687511419365e+01 7.738773348019328813e-01
1.744823902180883479e+01 7.851025206378523524e-01
1.774239416014201609e+01 7.964808086182411095e-01
1.804062882365739284e+01 8.080197663738645231e-01
1.834299813746002528e+01 8.197199797667604759e-01
1.864949563394069543e+01 8.315881897429537872e-01
1.896022248859227943e+01 8.436205329512946882e-01
1.927514304531560541e+01 8.558266028724833552e-01
1.959437101538774684e+01 8.682015096919839525e-01
1.991793112243719577e+01 8.807490868331208089e-01
2.024590971408327889e+01 8.934673908216665961e-01
2.057834315015828253e+01 9.063593159727665327e-01
2.091527007296038576e+01 9.194275728312000240e-01
2.125674963106307658e+01 9.326730417441863041e-01
2.160282578625131933e+01 9.460980743250472225e-01
2.195350916130722041e+01 9.597080488375806517e-01
2.230885171101676434e+01 9.735046303669225853e-01
2.266885584765247330e+01 9.874939059875533776e-01
2.303359123562501765e+01 1.001676042150319690e+00
2.340307977884392088e+01 1.016055453215372495e+00
2.377736258119158208e+01 1.030634901460997677e+00
2.415646261836334574e+01 1.045418730786177752e+00
2.454044054332586455e+01 1.060408116853526872e+00
2.492931437181098886e+01 1.075607888776427545e+00
2.532314175787514898e+01 1.091019586654339735e+00
2.572192316993019645e+01 1.106649528367597890e+00
2.612573591322081512e+01 1.122497731026535162e+00
2.653458782320827680e+01 1.138569956631914959e+00
2.694853216619009473e+01 1.154868300115141855e+00
2.736759616823260899e+01 1.171397005650291812e+00
2.779181927754241599e+01 1.188159373880288028e+00
2.822125198930032042e+01 1.205157892360045002e+00
2.865592483486280528e+01 1.222396673535871559e+00
2.909585512041386579e+01 1.239880878336511616e+00
2.954109456516104970e+01 1.257613040323162235e+00
2.999169192966712316e+01 1.275595998955543875e+00
3.044769011085097432e+01 1.293833109883600008e+00
3.090912722640668164e+01 1.312328148180606391e+00
3.137602058619711087e+01 1.331086487357977965e+00
3.184846451996735439e+01 1.350107829139272297e+00
3.232646708179979811e+01 1.369398365961529640e+00
3.281008772186190470e+01 1.388960543267333092e+00
3.329939467296459554e+01 1.408796268066478952e+00
3.379440938593107546e+01 1.428910921942797341e+00
3.429521353510857296e+01 1.449305610776106201e+00
3.480188123170894698e+01 1.469982112676580854e+00
3.531445888988661608e+01 1.490944278865797390e+00
3.583301454028784150e+01 1.512194515227013314e+00
3.635762633881596173e+01 1.533734629031562102e+00
3.688838946160855414e+01 1.555565370883162046e+00
3.742536836908551123e+01 1.577689754944864964e+00
3.796868644797189773e+01 1.600106856475979722e+00
3.851842784415472920e+01 1.622818609967394021e+00
3.907471779630351705e+01 1.645824290191347794e+00
3.963764099453339895e+01 1.669126084888706396e+00
4.020736721778195744e+01 1.692720601995191920e+00
4.078400787118082604e+01 1.716608577854323414e+00
4.136771568152133938e+01 1.740788161885254315e+00
4.195867842950848825e+01 1.765255399347112730e+00
4.255702692599781045e+01 1.790010320219251660e+00
4.316297882250450613e+01 1.815047457219755689e+00
4.377675091596104551e+01 1.840361678781907928e+00
4.439852152925422502e+01 1.865950609848767261e+00
4.502856531239970650e+01 1.891805906011658545e+00
4.566710601974067174e+01 1.917922813721133268e+00
4.631443260150687991e+01 1.944292701848902238e+00
4.697086678648817326e+01 1.970905212961772346e+00
4.763666939059471161e+01 1.997754207149980310e+00
4.831220470380357312e+01 2.024827368291988172e+00
4.899786580490989962e+01 2.052111018446974633e+00
4.969397291502701108e+01 2.079596460381603062e+00
5.040097995558424060e+01 2.107267125044698819e+00
5.111937841761092471e+01 2.135104681021036122e+00
5.184955670929876703e+01 2.163097677347542103e+00
5.259206712396375138e+01 2.191225179664585188e+00
5.334744189288876015e+01 2.219468143228772838e+00
5.411626435710796557e+01 2.247805115974179646e+00
5.489913252025396417e+01 2.276214508442297113e+00
5.569669016524400718e+01 2.304672784489184778e+00
5.650965282408952106e+01 2.333153022966305112e+00
5.733875948978357684e+01 2.361627893452518556e+00
5.818479018264014258e+01 2.390068697991570623e+00
5.904849368370882701e+01 2.418449656096895772e+00
5.993088383874734859e+01 2.446730833204465938e+00
6.083280911878384245e+01 2.474883270618617459e+00
6.175518719836906456e+01 2.502875400041777443e+00
6.269917905616929232e+01 2.530663416048358982e+00
6.366583917722294927e+01 2.558211379208150227e+00
6.465627479260277255e+01 2.585482220610392901e+00
6.567172979521684795e+01 2.612433295578798553e+00
6.671355393144122559e+01 2.639018433759535487e+00
6.778299157045697143e+01 2.665199681136596332e+00
6.888158495581552643e+01 2.690925514226877979e+00
7.001076977932095247e+01 2.716153115273425289e+00
7.117213414311616759e+01 2.740834579520794012e+00
7.236743044411682035e+01 2.764916774801406074e+00
7.359823551106929074e+01 2.788359371938760933e+00
7.486660921178742001e+01 2.811100917433086099e+00
7.617430927338443780e+01 2.833099811209129459e+00
7.752338991327944484e+01 2.854303753425887713e+00
7.891612666459606373e+01 2.874654402531947373e+00
8.035461351207894154e+01 2.894107681523257813e+00
8.184123748357879435e+01 2.912610587393834383e+00
8.337848268030097643e+01 2.930111445803706083e+00
8.496889420465275577e+01 2.946561974760611324e+00
8.661519278455271831e+01 2.961912293788737660e+00
8.832020953862951274e+01 2.976114505585478742e+00
9.008687733397573538e+01 2.989123486002000174e+00
9.191834265230353651e+01 3.000892372565522770e+00
9.381778482643788664e+01 3.011381058403105104e+00
9.578872082534414290e+01 3.020543453420274638e+00
9.783432169101115505e+01 3.028356853590470799e+00
9.995867554115859832e+01 3.034769424079491795e+00
1.021655860477804225e+02 3.039751246371265925e+00
1.044589389201503735e+02 3.043278758675724394e+00
1.068430528892597238e+02 3.045321526048636152e+00
1.093222440914996128e+02 3.045859867045018543e+00
1.119012379850949941e+02 3.044869581694840566e+00
1.145847592758948394e+02 3.042337754826279994e+00
1.173779594420306012e+02 3.038247560743806641e+00
1.202860157737095932e+02 3.032593026147009763e+00
1.233145293188334222e+02 3.025365547589529580e+00
1.264692927126462507e+02 3.016562462401993105e+00
1.297562277941340199e+02 3.006189086363735719e+00
1.331817463088291049e+02 2.994247664279846344e+00
1.367525918760242121e+02 2.980743263780709196e+00
1.404756790673814635e+02 2.965688839141609190e+00
1.443585705555512959e+02 2.949091917277677943e+00
1.484090594910621235e+02 2.930967403232507262e+00
1.526351652666199925e+02 2.911337521605228407e+00
1.570458529185188468e+02 2.890213736168969483e+00
1.616503960863545615e+02 2.867614702779660796e+00
1.664585665780136310e+02 2.843561771794167914e+00
1.714801906098967663e+02 2.818089444701504576e+00
1.767269453964445063e+02 2.791205492063612237e+00
1.822104070015658408e+02 2.762937090310664701e+00
1.879427371238186311e+02 2.733314942549253779e+00
1.939380923189012549e+02 2.702346799517501008e+00
2.002104582982371994e+02 2.670062805939266148e+00
2.067761637684363052e+02 2.636468437431538359e+00
2.136494606976463899e+02 2.601625358374598296e+00
2.208497010310595101e+02 2.565525614553367362e+00
2.283969105293722635e+02 2.528175594505859269e+00
2.363102181816603036e+02 2.489618538509516643e+00
2.446134582227652174e+02 2.449849498438055662e+00
2.533297102283567881e+02 2.408901169499458206e+00
2.624871054480150860e+02 2.366763444508359626e+00
2.721120823608004002e+02 2.323477868487398457e+00
2.822395546116007381e+02 2.279010284895407246e+00
2.928988406100625070e+02 2.233426880798950354e+00
3.041318408341052191e+02 2.186682875115181446e+00
3.159782452413932674e+02 2.138799641126424067e+00
3.284823180965616416e+02 2.089788984013861484e+00
3.416952126352218215e+02 2.039638686500522269e+00
3.556696704448465312e+02 1.988367915322335922e+00
3.704688469044974113e+02 1.935953980425647813e+00
3.861585212086226306e+02 1.882407339353244113e+00
4.028125887220316486e+02 1.827730284091455326e+00
4.205135691650804688e+02 1.771922243937338770e+00
4.393489775002987585e+02 1.715010277149628504e+00
4.594255735567644479e+02 1.656965845752822464e+00
4.808541108949642080e+02 1.597812754814499137e+00
5.037607751812737433e+02 1.537563211841585176e+00
5.282814576143392742e+02 1.476257994946788443e+00
5.545692478401439303e+02 1.413934684992872448e+00
5.827941471040644501e+02 1.350640187583886931e+00
6.131397468923933047e+02 1.286451050251617323e+00
6.457949378715871944e+02 1.221502376004055535e+00
6.809667407370227465e+02 1.155934476862217730e+00
7.188291842460340604e+02 1.090045773864923184e+00
7.595137076059197625e+02 1.024258270701897455e+00
8.030728958706920366e+02 9.591451362687369864e-01
8.493429408144234003e+02 8.956516680003639985e-01
8.979138079450779060e+02 8.349617209369167847e-01
9.480006771471026923e+02 7.785785548507151432e-01
9.983986774584075192e+02 7.282148879490787374e-01
1.047785429038939355e+03 6.851921389273392116e-01
1.094908642494172454e+03 6.503039360854456774e-01
1.139136982126842213e+03 6.232518552723252947e-01
1.180737305270248953e+03 6.026128273681072844e-01
1.220782479242917816e+03 5.862208418934033993e-01
1.260897591547002776e+03 5.716005222442074318e-01
1.302726361931768906e+03 5.566422654896692190e-01
1.347731092507817038e+03 5.397804881627652485e-01
1.397032480374475881e+03 5.201120317757549349e-01
1.451400993280405373e+03 4.973203392932616373e-01
1.511290336533801110e+03 4.715474640975171328e-01
1.576938088409564898e+03 4.432035122735551447e-01
1.648411035415651213e+03 4.128522478364246573e-01
1.725651816709601690e+03 3.811127268660303158e-01
1.808510166804174332e+03 3.485945051132055550e-01
1.896689175392897369e+03 3.159100833828533683e-01
1.989732331753180006e+03 2.836533647552538784e-01
2.087033487429200704e+03 2.523711168172423913e-01
2.187907781060670004e+03 2.225130051543167120e-01
2.291552397446090708e+03 1.944631299094822796e-01
2.397157711948717861e+03 1.684926180803418549e-01
2.503995947777525089e+03 1.447456428798600814e-01
2.611362924220632522e+03 1.232991421762641426e-01
2.718523989408345187e+03 1.042045473406977979e-01
2.825005492130897437e+03 8.738526759630729779e-02
2.930391817575204186e+03 7.274645550557015672e-02
3.034520963868706986e+03 6.011426674391423530e-02
3.137310753228851354e+03 4.931365221918865976e-02
3.238817231878122129e+03 4.015116596471223626e-02
3.339189463028581031e+03 3.243300636209846266e-02
3.438678804848784239e+03 2.596222294836531691e-02
3.537502181327459311e+03 2.057824232561764402e-02
3.635912682181168293e+03 1.613080322460219013e-02
3.734149511592362614e+03 1.249153090985609393e-02
3.832456387698467552e+03 9.545554101292657787e-03
3.931084723899624350e+03 7.188545652867159817e-03
4.030292289439210890e+03 5.325453463279688875e-03
4.130352110161585188e+03 3.867017681513959353e-03
4.231200615573229697e+03 2.812376021092685436e-03
4.333885281961865076e+03 1.903585945618350723e-03
4.438182406119030020e+03 1.193992387386659266e-03
4.544390925711803902e+03 6.166808686662142479e-04
4.653324761443420357e+03 2.280561856740282911e-07
4.761934348772132580e+03 2.280561856740282911e-07
4.873078906915144216e+03 2.280561856740282911e-07
4.986817602629154862e+03 2.280561856740282911e-07
5.103210983635535740e+03 2.280561856740282911e-07
5.222321010852308063e+03 2.280561856740282911e-07
5.344211091378468154e+03 2.280561856740282911e-07
5.468946112248169811e+03 2.280561856740282911e-07
5.596592474972699165e+03 2.280561856740282911e-07
5.727218130888710220e+03 2.280561856740282911e-07
5.860892617331467591e+03 2.280561856740282911e-07
5.997687094652413180e+03 2.280561856740282911e-07
6.137674384100674615e+03 2.280561856740282911e-07
6.280929006588791708e+03 2.280561856740282911e-07
6.427527222363209148e+03 2.280561856740282911e-07
6.577547071600723939e+03 2.280561856740282911e-07
6.731068415952399846e+03 2.280561856740282911e-07
6.888172981057183279e+03 2.280561856740282911e-07
7.048944400047795170e+03 2.280561856740282911e-07
7.213468258071999117e+03 2.280561856740282911e-07
7.381832137853075437e+03 2.280561856740282911e-07
7.554125666313642796e+03 2.280561856740282911e-07
7.730440562287735702e+03 2.280561856740282911e-07
7.910870685346409118e+03 2.280561856740282911e-07
8.095512085763037248e+03 2.280561856740282911e-07
8.284463055644742781e+03 2.280561856740282911e-07
8.477824181257310556e+03 2.280561856740282911e-07
8.675698396571293415e+03 2.280561856740282911e-07
8.878191038057948390e+03 2.280561856740282911e-07
9.085409900764159829e+03 2.280561856740282911e-07
9.297465295696041721e+03 2.280561856740282911e-07
9.514470108542016533e+03 2.280561856740282911e-07
9.736539859766415248e+03 2.280561856740282911e-07
9.963792766105747432e+03 2.280561856740282911e-07
1.019634980350020487e+04 2.280561856740282911e-07
1.043433477149411010e+04 2.280561856740282911e-07
1.067787435913940135e+04 2.280561856740282911e-07
1.092709821243741135e+04 2.280561856740282911e-07
1.118213900335461767e+04 2.280561856740282911e-07
1.144313250044934102e+04 2.280561856740282911e-07
1.171021764114690632e+04 2.280561856740282911e-07
1.198353660570158900e+04 2.280561856740282911e-07
1.226323489288497512e+04 2.280561856740282911e-07
1.254946139744085121e+04 2.280561856740282911e-07
1.284236848934794398e+04 2.280561856740282911e-07
1.314211209493258502e+04 2.280561856740282911e-07
1.344885177987465977e+04 2.280561856740282911e-07
1.376275083415086556e+04 2.280561856740282911e-07
1.408397635896064821e+04 2.280561856740282911e-07
1.441269935568086294e+04 2.280561856740282911e-07
1.474909481689678614e+04 2.280561856740282911e-07
1.509334181955780878e+04 2.280561856740282911e-07
1.544562362030727490e+04 2.280561856740282911e-07
1.580612775303749004e+04 2.280561856740282911e-07
1.617504612872157304e+04 2.280561856740282911e-07
1.655257513757553897e+04 2.280561856740282911e-07
1.693891575360465140e+04 2.280561856740282911e-07
1.733427364159013450e+04 2.280561856740282911e-07
1.773885926657282471e+04 2.280561856740282911e-07
1.815288800589231687e+04 2.280561856740282911e-07
1.857658026384095865e+04 2.280561856740282911e-07
1.901016158899406219e+04 2.280561856740282911e-07
1.945386279427859336e+04 2.280561856740282911e-07
1.990792007984414886e+04 2.280561856740282911e-07
2.037257515880194478e+04 2.280561856740282911e-07
2.084807538589856631e+04 2.280561856740282911e-07
2.133467388919279256e+04 2.280561856740282911e-07
2.183262970480604054e+04 2.280561856740282911e-07
2.234220791481776541e+04 2.280561856740282911e-07
2.286367978837940245e+04 2.280561856740282911e-07
2.339732292612189485e+04 2.280561856740282911e-07
2.394342140793395447e+04 2.280561856740282911e-07
2.450226594418904278e+04 2.280561856740282911e-07
2.507415403050246459e+04 2.280561856740282911e-07
2.565939010610031255e+04 2.280561856740282911e-07
2.625828571588482373e+04 2.280561856740282911e-07
2.687115967628234648e+04 2.280561856740282911e-07
2.749833824496227680e+04 2.280561856740282911e-07
2.814015529451718976e+04 2.280561856740282911e-07
2.879695249019698895e+04 2.280561856740282911e-07
2.946907947179082839e+04 2.280561856740282911e-07
3.015689403975479217e+04 2.280561856740282911e-07
3.086076234568354266e+04 2.280561856740282911e-07
3.158105908722763706e+04 2.280561856740282911e-07
3.231816770756032565e+04 2.280561856740282911e-07
3.307248059949979506e+04 2.280561856740282911e-07
3.384439931439609063e+04 2.280561856740282911e-07
3.463433477589277754e+04 2.280561856740282911e-07
3.544270749867848644e+04 2.280561856740282911e-07
3.626994781234395487e+04 2.280561856740282911e-07
3.711649609046385012e+04 2.280561856740282911e-07
3.798280298502554069e+04 2.280561856740282911e-07
3.886932966632930038e+04 2.280561856740282911e-07
3.977654806848832231e+04 2.280561856740282911e-07
4.070494114065790200e+04 2.280561856740282911e-07
4.165500310412916588e+04 2.280561856740282911e-07
4.262723971542305662e+04 2.280561856740282911e-07
4.362216853552503017e+04 2.280561856740282911e-07
4.464031920540376450e+04 2.280561856740282911e-07
4.568223372796053445e+04 2.280561856740282911e-07
4.674846675655923173e+04 2.280561856740282911e-07
4.783958589029125869e+04 2.280561856740282911e-07
4.895617197613095777e+04 2.280561856740282911e-07
5.009881941814438323e+04 2.280561856740282911e-07
5.126813649391464423e+04 2.280561856740282911e-07
5.246474567835268681e+04 2.280561856740282911e-07
5.368928397506598412e+04 2.280561856740282911e-07
5.494240325546125678e+04 2.280561856740282911e-07
5.622477060576249642e+04 2.280561856740282911e-07
5.753706868212740665e+04 2.280561856740282911e-07
5.887999607405335701e+04 2.280561856740282911e-07
6.025426767626482615e+04 2.280561856740282911e-07
6.166061506928085873e+04 2.280561856740282911e-07
6.309978690886504774e+04 2.280561856740282911e-07
6.457254932456523966e+04 2.280561856740282911e-07
6.607968632755587169e+04 2.280561856740282911e-07
6.762200022799818544e+04 2.280561856740282911e-07
6.920031206214295526e+04 2.280561856740282911e-07
7.081546202940124203e+04 2.280561856740282911e-07
7.246830993961665081e+04 2.280561856740282911e-07
7.415973567077699408e+04 2.280561856740282911e-07
7.589063963740904001e+04 2.280561856740282911e-07
7.766194326990545960e+04 2.280561856740282911e-07
7.947458950504034874e+04 2.280561856740282911e-07
8.132954328793165041e+04 2.280561856740282911e-07
8.322779208572133211e+04 2.280561856740282911e-07
8.517034641324395488e+04 2.280561856740282911e-07
8.715824037096473330e+04 2.280561856740282911e-07
8.919253219547323533e+04 2.280561856740282911e-07
9.127430482282527373e+04 2.280561856740282911e-07
9.340466646503465017e+04 2.280561856740282911e-07
9.558475120001813048e+04 2.280561856740282911e-07
9.781571957531188673e+04 2.280561856740282911e-07
1.000987592258778459e+05 2.280561856740282911e-07
1.024350855063299387e+05 2.280561856740282911e-07
1.048259421379167034e+05 2.280561856740282911e-07
1.072726018706042669e+05 2.280561856740282911e-07
1.097763671606137505e+05 2.280561856740282911e-07
1.123385708637701027e+05 2.280561856740282911e-07
1.149605769450363296e+05 2.280561856740282911e-07
1.176437812046071049e+05 2.280561856740282911e-07
1.203896120209497749e+05 2.280561856740282911e-07
1.231995311111882329e+05 2.280561856740282911e-07
1.260750343092341936e+05 2.280561856740282911e-07
1.290176523620800290e+05 2.280561856740282911e-07
1.320289517446785176e+05 2.280561856740282911e-07
1.351105354938394157e+05 2.280561856740282911e-07
1.382640440615920525e+05 2.280561856740282911e-07
1.414911561884641706e+05 2.280561856740282911e-07
1.447935897971437080e+05 2.280561856740282911e-07
1.481731029069986835e+05 2.280561856740282911e-07
1.516314945699417731e+05 2.280561856740282911e-07
1.551706058281400765e+05 2.280561856740282911e-07
1.587923206940745295e+05 2.280561856740282911e-07
1.624985671534775465e+05 2.280561856740282911e-07
1.662913181916775357e+05 2.280561856740282911e-07
1.701725928438991832e+05 2.280561856740282911e-07
1.741444572700777499e+05 2.280561856740282911e-07
1.782090258547593839e+05 2.280561856740282911e-07
1.823684623326753208e+05 2.280561856740282911e-07
1.866249809405834822e+05 2.280561856740282911e-07
1.909808475959979114e+05 2.280561856740282911e-07
1.954383811034281971e+05 2.280561856740282911e-07
1.999999543887732725e+05 2.280561856740282911e-07
