1.928961948925241643e+00 3.682708780976141211e-02
1.970428609085230764e+00 3.869808575985562993e-02
2.017753598044769614e+00 3.801097507962326871e-02
2.063278032418125019e+00 3.880100616094701860e-02
2.108251319648146715e+00 4.036989149841693769e-02
2.158807476487476062e+00 3.971972344150671158e-02
2.207268846712077348e+00 4.062679048004454868e-02
2.259692196477259163e+00 4.020991823146551764e-02
2.306288638769475430e+00 4.298162385278800346e-02
2.356667260445019174e+00 4.450876300140226699e-02
2.410851850510173033e+00 4.486425741326856981e-02
2.468936445589787532e+00 4.409622588158228218e-02
2.524514607627637908e+00 4.494297019589198194e-02
2.585130058857226132e+00 4.425874095527580765e-02
2.634747741374751318e+00 4.850743859925751855e-02
2.701357801926369095e+00 4.652229617816754786e-02
2.758788313139690196e+00 4.865410052098000093e-02
2.818938722584821477e+00 5.023150370730916636e-02
2.884996326921994481e+00 5.013577183615199745e-02
2.946498402499461822e+00 5.221514189234530839e-02
3.009789395189131689e+00 5.413125319946564956e-02
3.075681245044339374e+00 5.562462574945788857e-02
3.147466363330782890e+00 5.562527459468301350e-02
3.223999533023368169e+00 5.461986442191917729e-02
3.292662198696020059e+00 5.672937420229658828e-02
3.365626254065028800e+00 5.794992196760749559e-02
3.442775727801682173e+00 5.838165916691664264e-02
3.517019945332454434e+00 6.022062026961221004e-02
3.598974992329041278e+00 6.025978442854985906e-02
3.675453146947168737e+00 6.242985719383765258e-02
3.757078681511335727e+00 6.360631647395649513e-02
3.834781999871463398e+00 6.637648066964473015e-02
3.929585358085899038e+00 6.493855698616378402e-02
4.015048888987647224e+00 6.659730131237100170e-02
4.101406901275161943e+00 6.850977741169149426e-02
4.192053275617584340e+00 6.980495513359058490e-02
4.285535697620357354e+00 7.089359610566697834e-02
4.391669795350412464e+00 6.940398981745858620e-02
4.476766010030996945e+00 7.356198158336625659e-02
4.576261032680911001e+00 7.473345943616871434e-02
4.678053935241188732e+00 7.588629213854744537e-02
4.784208619156098408e+00 7.656815652217914547e-02
4.885705086623667093e+00 7.880867655423837159e-02
4.997002914505765503e+00 7.939926092976126726e-02
5.103147608398581170e+00 8.161730925601880238e-02
5.225919277659557771e+00 8.085914688803967632e-02
5.335196608765439663e+00 8.343138213918263602e-02
5.449215861179908416e+00 8.552009475831148788e-02
5.566681027549956084e+00 8.741565913928418807e-02
5.695099219210471908e+00 8.770384785703359831e-02
5.810650900350820436e+00 9.095595074718768047e-02
5.937869823060684560e+00 9.249980342745645068e-02
6.070662810715278468e+00 9.354326149506407562e-02
6.202600288215298185e+00 9.526276865716476472e-02
6.330859603684994674e+00 9.811918100938343823e-02
6.474769870091850343e+00 9.877270642544841439e-02
6.636380690898167956e+00 9.703617588986734876e-02
6.759687821317130307e+00 1.021625256281038091e-01
6.909730245673039839e+00 1.033955481058216469e-01
7.055709207957964857e+00 1.057875267283076709e-01
7.211131902448711273e+00 1.072073521196959395e-01
7.355761121538366254e+00 1.107717437877254046e-01
7.531113198306504941e+00 1.102308865562778573e-01
7.689307017180523118e+00 1.127697703339539947e-01
7.840605455580297978e+00 1.167679980433704023e-01
8.025832974842176171e+00 1.164582402532722688e-01
8.195042328393725484e+00 1.189261916326786878e-01
8.380466652883184153e+00 1.197072203595337392e-01
8.565283659407249672e+00 1.211170848685526463e-01
8.742377301051590166e+00 1.240437508240114228e-01
8.924420819773610347e+00 1.268153657214090291e-01
9.113256483651284157e+00 1.292217853456862631e-01
9.306603834752287696e+00 1.315705973580661436e-01
9.510462378683138596e+00 1.331601404966244462e-01
9.709648368731475188e+00 1.358198628485881021e-01
9.918437128235508382e+00 1.378624269742008690e-01
1.012755322853199402e+01 1.403771517272709990e-01
1.035833134938057576e+01 1.409937944675521415e-01
1.055946068242219660e+01 1.453847182800389326e-01
1.079873742220405042e+01 1.461466274566205759e-01
1.101941881691623415e+01 1.494087856490725896e-01
1.125880760126390356e+01 1.512266761862864628e-01
1.148520128219286818e+01 1.548741792614763690e-01
1.173477539484090570e+01 1.566941543179504182e-01
1.196729579597523418e+01 1.606929238198415988e-01
1.222702385017364612e+01 1.625526839341989160e-01
1.249380311633117557e+01 1.642836124885619919e-01
1.275421252374112946e+01 1.671316149372999715e-01
1.302130987930658890e+01 1.698733517827153428e-01
1.329147306726240707e+01 1.728445313714704890e-01
1.357396193091707737e+01 1.752411136149965298e-01
1.384269486567981744e+01 1.793236206520061604e-01
1.414388263634568155e+01 1.811499585781243260e-01
1.443051835388333970e+01 1.847092833695879732e-01
1.473479045020775047e+01 1.873255111586717148e-01
1.505747932570883130e+01 1.889991050619492796e-01
1.536466002109976969e+01 1.924244939834356682e-01
1.566215773073483852e+01 1.970775609374693094e-01
1.599232933573983395e+01 1.997263533710793015e-01
1.632965069527277180e+01 2.023670568279976878e-01
1.666316877542774577e+01 2.058031401551975170e-01
1.701666686093943071e+01 2.083132757223278564e-01
1.734494099772140174e+01 2.131130006862898552e-01
1.772001232046063279e+01 2.151505964839039442e-01
1.806700774446725077e+01 2.196295361923251421e-01
1.844060740245384977e+01 2.228100014698181919e-01
1.881612028574179263e+01 2.263774700717213761e-01
1.918885697844688565e+01 2.306234269111267776e-01
1.960485742017731781e+01 2.326240473457606706e-01
2.000379492171019891e+01 2.362376637962498027e-01
2.041199752084323649e+01 2.397921938770363193e-01
2.081298125359556295e+01 2.442858189018058124e-01
2.126248299388445062e+01 2.464087965446715156e-01
2.166080036663499087e+01 2.520452500493547965e-01
2.211816101266610701e+01 2.547741109097210743e-01
2.255989346428611952e+01 2.589183401080552560e-01
2.301747198347261758e+01 2.626908161594330160e-01
2.345846030784870351e+01 2.678713293995655387e-01
2.395623124376593083e+01 2.705045612384517906e-01
2.443204564198486395e+01 2.748378058445829497e-01
2.492817584145150178e+01 2.786282803186274637e-01
2.542988650087307079e+01 2.826566689500090157e-01
2.592943225847788469e+01 2.873062497790266345e-01
2.643476398266416538e+01 2.921695071758308448e-01
2.696118039070174888e+01 2.965105749356916620e-01
2.749654422855283187e+01 3.009388721846633086e-01
2.803234139343799924e+01 3.058571525880914299e-01
2.860364695605475660e+01 3.096452640350871865e-01
2.915896316686517409e+01 3.146890587899330294e-01
2.973924059510159168e+01 3.191229966393361317e-01
3.029342121811907163e+01 3.252166462875343833e-01
3.092078798931783012e+01 3.286319540515577065e-01
3.150172187980130190e+01 3.345688792192569316e-01
3.212834122326749053e+01 3.390815387781756507e-01
3.274571689991854129e+01 3.445001764481187556e-01
3.336826532377480703e+01 3.502114184167250399e-01
3.403249855402528112e+01 3.547576493052074786e-01
3.469066471468198642e+01 3.600750230134418528e-01
3.534443134571759515e+01 3.660749510943953067e-01
3.604803666238112214e+01 3.706732927482759843e-01
3.673315413285809683e+01 3.765037084414347146e-01
3.742861201085574407e+01 3.824579323676453591e-01
3.812332944504172616e+01 3.889444123099302653e-01
3.886379125308786087e+01 3.942818126457409145e-01
3.960232936207010823e+01 4.002159996760112359e-01
4.036072784853643469e+01 4.059724726292813224e-01
4.110926133493788370e+01 4.125901515579741829e-01
4.189302426246063504e+01 4.185157891500534966e-01
4.266621847313840732e+01 4.253180161168407802e-01
4.346082886736137851e+01 4.319173881017035477e-01
4.427115519467439242e+01 4.385175121374298435e-01
4.509835100699859822e+01 4.450916290254353647e-01
4.593392984085718211e+01 4.519193229664827949e-01
4.678431446485788570e+01 4.588003466059786817e-01
4.765029990600185528e+01 4.657183655406206269e-01
4.852669361492340983e+01 4.728397835729724052e-01
4.940883667451099370e+01 4.803064095067305361e-01
5.031435230454924579e+01 4.875939445944567630e-01
5.123215293886493527e+01 4.950431298939395042e-01
5.215639510864901496e+01 5.028263518862352566e-01
5.310202156792331607e+01 5.105160829802054545e-01
5.405708499781604814e+01 5.184616421956608212e-01
5.501778810547079956e+01 5.267691018998531538e-01
5.599555545704149040e+01 5.351222686908155834e-01
5.699294512682038061e+01 5.434603201722995047e-01
5.799128293974060711e+01 5.522936901689382561e-01
5.901563017419386625e+01 5.609521852454969482e-01
6.005882493558408441e+01 5.696392794372509005e-01
6.109718729930632009e+01 5.789759379172705334e-01
6.216686472729202251e+01 5.880267148395837973e-01
6.324032691562494080e+01 5.975067540546556977e-01
6.433318347516775759e+01 6.070219425366680799e-01
6.543698589593621762e+01 6.167899556103070280e-01
6.656001541061382909e+01 6.266102913498274862e-01
6.769712888765108971e+01 6.366157242207428624e-01
6.886972350884195748e+01 6.462988327460349458e-01
7.004715741624617920e+01 6.564050042344375946e-01
7.121952806752906895e+01 6.671627507669034562e-01
7.243687348015659211e+01 6.774030675634679088e-01
7.365876865608790069e+01 6.880787989251798686e-01
7.489743269174576312e+01 6.989096325483661332e-01
7.616128328079332732e+01 7.097121463874683789e-01
7.744369192271531688e+01 7.206448605859661072e-01
7.874682985715629968e+01 7.316664829079114751e-01
8.006531195219852748e+01 7.429020082582574735e-01
8.142260754624786045e+01 7.538498260345714019e-01
8.279038914398985582e+01 7.651333750398090494e-01
8.419634902715858971e+01 7.761687749110536272e-01
8.559629102962476566e+01 7.878973638992183837e-01
8.705510524886005896e+01 7.989675348543037181e-01
8.852027543178027713e+01 8.104846803312143466e-01
9.002235503069738343e+01 8.218276154046099125e-01
9.154411899096662353e+01 8.333578465391596746e-01
9.309270944470847553e+01 8.449392086811365887e-01
9.466401859301326738e+01 8.566619381759310592e-01
9.627421633971981407e+01 8.682191484071011267e-01
9.792692729247922045e+01 8.795579649453990623e-01
9.959668011010130328e+01 8.911807093285530890e-01
1.013109595612858413e+02 9.025737601490283479e-01
1.030491264812944365e+02 9.141398149860170408e-01
1.048295423004042135e+02 9.255478798874412494e-01
1.066546995388302292e+02 9.367700259002695873e-01
1.084969893180030027e+02 9.483205206001236176e-01
1.103976237684812389e+02 9.594690417956435180e-01
1.123396465932404453e+02 9.705393814475677949e-01
1.143125291405087012e+02 9.817295193318704705e-01
1.163162780581969145e+02 9.930479859731060621e-01
1.183684552067444429e+02 1.004205790099543139e+00
1.204529319849809781e+02 1.015491433354202000e+00
1.226055970043466914e+02 1.026320210175361680e+00
1.247620924197587158e+02 1.037772807772675554e+00
1.269673526385185340e+02 1.049115263187626823e+00
1.292160555161947002e+02 1.060449682024948936e+00
1.315455975559169985e+02 1.071200845110107158e+00
1.338969067863443456e+02 1.082322676067606571e+00
1.363318333777583860e+02 1.092865591131235492e+00
1.388217986832473230e+02 1.103298856982982024e+00
1.413818346765745275e+02 1.113416432914343224e+00
1.440321282289373528e+02 1.122947993420772006e+00
1.467561024279183357e+02 1.132173807742746341e+00
1.496067605714033846e+02 1.140363784635483491e+00
1.525646936933623863e+02 1.147854272065133685e+00
1.556554892550261684e+02 1.154341029092308846e+00
1.588934333668779004e+02 1.159697791472952266e+00
1.622821841561907377e+02 1.163954522234579292e+00
1.658315297627349025e+02 1.167064843867223312e+00
1.695675601150773559e+02 1.168783909887525008e+00
1.734862081547148591e+02 1.169272641306981608e+00
1.776019128947798151e+02 1.168460396335964324e+00
1.819296829769000112e+02 1.166285093512754667e+00
1.864723993132682551e+02 1.162841306435918209e+00
1.912410006403458453e+02 1.158133204651827342e+00
1.962421565576998432e+02 1.152221603646442105e+00
2.014754205392508197e+02 1.145246802835051536e+00
2.069703803469527088e+02 1.137032744509859139e+00
2.127507163682395515e+02 1.127494193234482189e+00
2.188414913054360227e+02 1.116556123729562922e+00
2.252900365392498259e+02 1.103960147031560091e+00
2.321226942800502115e+02 1.089690324578312719e+00
2.393958692295759931e+02 1.073494665696284045e+00
2.471202940372474472e+02 1.055564945546642486e+00
2.553284085154908212e+02 1.035919100028575679e+00
2.640394870070473416e+02 1.014701986996942251e+00
2.732802459023293409e+02 9.920099131848589824e-01
2.830567691493139932e+02 9.680957792409795593e-01
2.933621276943349017e+02 9.432817339144756730e-01
3.042413115433862458e+02 9.175278079241543372e-01
3.157035048903179586e+02 8.910390279992582707e-01
3.277749228237993862e+02 8.639068814926245121e-01
3.405029727053997135e+02 8.361115723787225784e-01
3.539351914261247316e+02 8.076580079786971345e-01
3.680967056055932289e+02 7.786812426530456133e-01
3.830315191482088721e+02 7.492246264030713032e-01
3.987553804013567742e+02 7.194659494165942526e-01
4.152716888703018299e+02 6.896153714613049157e-01
4.325675447689754378e+02 6.599166629223077729e-01
4.506589616332568085e+02 6.304678679803505936e-01
4.696552815666453284e+02 6.010359569445019590e-01
4.896433190409597955e+02 5.715221377039376716e-01
5.107196599326018713e+02 5.418346458341015692e-01
5.330937114253612208e+02 5.115999088334649558e-01
5.568313361742744974e+02 4.809376998636814560e-01
5.820886122506905167e+02 4.497442458083474870e-01
6.090201790286230334e+02 4.179759147616315396e-01
6.376853779593958507e+02 3.858432729085709556e-01
6.681463206459654884e+02 3.535335831825045516e-01
7.003170259665191679e+02 3.214963624488298977e-01
7.341427856029279155e+02 2.900310445816443594e-01
7.694829654828454295e+02 2.595103107385235974e-01
8.059162886222418365e+02 2.306394805134982795e-01
8.428438439506630857e+02 2.041863450538577984e-01
8.792879208092628005e+02 1.812171675941222360e-01
9.148714415430281406e+02 1.617717892887789444e-01
9.489832987586095214e+02 1.461524002748856299e-01
9.814603523837372450e+02 1.340918183624557614e-01
1.012823058848195956e+03 1.246242332179046675e-01
1.043546659240349072e+03 1.169897444688208221e-01
1.074153570508242183e+03 1.104901774930507619e-01
1.105366505485615335e+03 1.043197451233150580e-01
1.137274450832238699e+03 9.838829279405889028e-02
1.170283520814884469e+03 9.232061114445540284e-02
1.204459051210242933e+03 8.609851176360668046e-02
1.239669853569339693e+03 7.987940396975491686e-02
1.275988049519499782e+03 7.363023014782064946e-02
1.313532790365165511e+03 6.728513251914176874e-02
1.352270266388295340e+03 6.090847706413803769e-02
1.392158665815315771e+03 5.456347038693337703e-02
1.433164802136331218e+03 4.829946732202668180e-02
1.475222945044460403e+03 4.218274905316766327e-02
1.517887267944687892e+03 3.653044019844088608e-02
1.561144657996449041e+03 3.133194878014834012e-02
1.605024170294241685e+03 2.654994035252844845e-02
1.649081527506803923e+03 2.244409765898421755e-02
1.693666944535867060e+03 1.876432320944432935e-02
1.738944018088521943e+03 1.539770684506588071e-02
1.784873230102477009e+03 1.235875572987414107e-02
1.831173005322141307e+03 9.793293300224182110e-03
1.877912202520471510e+03 7.642821979866157127e-03
1.925095777031247508e+03 5.887933004377208374e-03
1.972752968479885340e+03 4.498457249153729742e-03
2.021007108276519148e+03 3.400189462927822887e-03
2.070545943169357088e+03 2.252592549251595470e-03
2.120349121571171509e+03 1.554819720043343996e-03
2.171014010764742579e+03 1.012530059019077153e-03
2.222636035535383598e+03 5.846331496652591199e-04
2.275426338753870368e+03 1.829323453237988151e-04
2.328960705611475987e+03 2.280561856740282911e-07
2.383319142666444350e+03 2.280561856740282911e-07
2.438946317176681987e+03 2.280561856740282911e-07
2.495871841743610730e+03 2.280561856740282911e-07
2.554126020133048769e+03 2.280561856740282911e-07
2.613739863407148732e+03 2.280561856740282911e-07
2.674745106432826105e+03 2.280561856740282911e-07
2.737174224775521907e+03 2.280561856740282911e-07
2.801060451987276792e+03 2.280561856740282911e-07
2.866437797298277019e+03 2.280561856740282911e-07
2.933341063721362843e+03 2.280561856740282911e-07
3.001805866579073609e+03 2.280561856740282911e-07
3.071868652463145736e+03 2.280561856740282911e-07
3.143566718636490350e+03 2.280561856740282911e-07
3.216938232888047423e+03 2.280561856740282911e-07
3.292022253851061123e+03 2.280561856740282911e-07
3.368858751795552962e+03 2.280561856740282911e-07
3.447488629906132246e+03 2.280561856740282911e-07
3.527953746056412456e+03 2.280561856740282911e-07
3.610296935091668274e+03 2.280561856740282911e-07
3.694562031631543505e+03 2.280561856740282911e-07
3.780793893405008475e+03 2.280561856740282911e-07
3.869038425129942880e+03 2.280561856740282911e-07
3.959342602950093351e+03 2.280561856740282911e-07
4.051754499442357428e+03 2.280561856740282911e-07
4.146323309207779857e+03 2.280561856740282911e-07
4.243099375059841805e+03 2.280561856740282911e-07
4.342134214823962793e+03 2.280561856740282911e-07
4.443480548762544458e+03 2.280561856740282911e-07
4.547192327640093026e+03 2.280561856740282911e-07
4.653324761443420357e+03 2.280561856740282911e-07
4.761934348772132580e+03 2.280561856740282911e-07
4.873078906915144216e+03 2.280561856740282911e-07
4.986817602629154862e+03 2.280561856740282911e-07
5.103210983635535740e+03 2.280561856740282911e-07
5.222321010852308063e+03 2.280561856740282911e-07
5.344211091378468154e+03 2.280561856740282911e-07
5.468946112248169811e+03 2.280561856740282911e-07
5.596592474972699165e+03 2.280561856740282911e-07
5.727218130888710220e+03 2.280561856740282911e-07
5.860892617331467591e+03 2.280561856740282911e-07
5.997687094652413180e+03 2.280561856740282911e-07
6.137674384100674615e+03 2.280561856740282911e-07
6.280929006588791708e+03 2.280561856740282911e-07
6.427527222363209148e+03 2.280561856740282911e-07
6.577547071600723939e+03 2.280561856740282911e-07
6.731068415952399846e+03 2.280561856740282911e-07
6.888172981057183279e+03 2.280561856740282911e-07
7.048944400047795170e+03 2.280561856740282911e-07
7.213468258071999117e+03 2.280561856740282911e-07
7.381832137853075437e+03 2.280561856740282911e-07
7.554125666313642796e+03 2.280561856740282911e-07
7.730440562287735702e+03 2.280561856740282911e-07
7.910870685346409118e+03 2.280561856740282911e-07
8.095512085763037248e+03 2.280561856740282911e-07
8.284463055644742781e+03 2.280561856740282911e-07
8.477824181257310556e+03 2.280561856740282911e-07
8.675698396571293415e+03 2.280561856740282911e-07
8.878191038057948390e+03 2.280561856740282911e-07
9.085409900764159829e+03 2.280561856740282911e-07
9.297465295696041721e+03 2.280561856740282911e-07
9.514470108542016533e+03 2.280561856740282911e-07
9.736539859766415248e+03 2.280561856740282911e-07
9.963792766105747432e+03 2.280561856740282911e-07
1.019634980350020487e+04 2.280561856740282911e-07
1.043433477149411010e+04 2.280561856740282911e-07
1.067787435913940135e+04 2.280561856740282911e-07
1.092709821243741135e+04 2.280561856740282911e-07
1.118213900335461767e+04 2.280561856740282911e-07
1.144313250044934102e+04 2.280561856740282911e-07
1.171021764114690632e+04 2.280561856740282911e-07
1.198353660570158900e+04 2.280561856740282911e-07
1.226323489288497512e+04 2.280561856740282911e-07
1.254946139744085121e+04 2.280561856740282911e-07
1.284236848934794398e+04 2.280561856740282911e-07
1.314211209493258502e+04 2.280561856740282911e-07
1.344885177987465977e+04 2.280561856740282911e-07
1.376275083415086556e+04 2.280561856740282911e-07
1.408397635896064821e+04 2.280561856740282911e-07
1.441269935568086294e+04 2.280561856740282911e-07
1.474909481689678614e+04 2.280561856740282911e-07
1.509334181955780878e+04 2.280561856740282911e-07
1.544562362030727490e+04 2.280561856740282911e-07
1.580612775303749004e+04 2.280561856740282911e-07
1.617504612872157304e+04 2.280561856740282911e-07
1.655257513757553897e+04 2.280561856740282911e-07
1.693891575360465140e+04 2.280561856740282911e-07
1.733427364159013450e+04 2.280561856740282911e-07
1.773885926657282471e+04 2.280561856740282911e-07
1.815288800589231687e+04 2.280561856740282911e-07
1.857658026384095865e+04 2.280561856740282911e-07
1.901016158899406219e+04 2.280561856740282911e-07
1.945386279427859336e+04 2.280561856740282911e-07
1.990792007984414886e+04 2.280561856740282911e-07
2.037257515880194478e+04 2.280561856740282911e-07
2.084807538589856631e+04 2.280561856740282911e-07
2.133467388919279256e+04 2.280561856740282911e-07
2.183262970480604054e+04 2.280561856740282911e-07
2.234220791481776541e+04 2.280561856740282911e-07
2.286367978837940245e+04 2.280561856740282911e-07
2.339732292612189485e+04 2.280561856740282911e-07
2.394342140793395447e+04 2.280561856740282911e-07
2.450226594418904278e+04 2.280561856740282911e-07
2.507415403050246459e+04 2.280561856740282911e-07
2.565939010610031255e+04 2.280561856740282911e-07
2.625828571588482373e+04 2.280561856740282911e-07
2.687115967628234648e+04 2.280561856740282911e-07
2.749833824496227680e+04 2.280561856740282911e-07
2.814015529451718976e+04 2.280561856740282911e-07
2.879695249019698895e+04 2.280561856740282911e-07
2.946907947179082839e+04 2.280561856740282911e-07
3.015689403975479217e+04 2.280561856740282911e-07
3.086076234568354266e+04 2.280561856740282911e-07
3.158105908722763706e+04 2.280561856740282911e-07
3.231816770756032565e+04 2.280561856740282911e-07
3.307248059949979506e+04 2.280561856740282911e-07
3.384439931439609063e+04 2.280561856740282911e-07
3.463433477589277754e+04 2.280561856740282911e-07
3.544270749867848644e+04 2.280561856740282911e-07
3.626994781234395487e+04 2.280561856740282911e-07
3.711649609046385012e+04 2.280561856740282911e-07
3.798280298502554069e+04 2.280561856740282911e-07
3.886932966632930038e+04 2.280561856740282911e-07
3.977654806848832231e+04 2.280561856740282911e-07
4.070494114065790200e+04 2.280561856740282911e-07
4.165500310412916588e+04 2.280561856740282911e-07
4.262723971542305662e+04 2.280561856740282911e-07
4.362216853552503017e+04 2.280561856740282911e-07
4.464031920540376450e+04 2.280561856740282911e-07
4.568223372796053445e+04 2.280561856740282911e-07
4.674846675655923173e+04 2.280561856740282911e-07
4.783958589029125869e+04 2.280561856740282911e-07
4.895617197613095777e+04 2.280561856740282911e-07
5.009881941814438323e+04 2.280561856740282911e-07
5.126813649391464423e+04 2.280561856740282911e-07
5.246474567835268681e+04 2.280561856740282911e-07
5.368928397506598412e+04 2.280561856740282911e-07
5.494240325546125678e+04 2.280561856740282911e-07
5.622477060576249642e+04 2.280561856740282911e-07
5.753706868212740665e+04 2.280561856740282911e-07
5.887999607405335701e+04 2.280561856740282911e-07
6.025426767626482615e+04 2.280561856740282911e-07
6.166061506928085873e+04 2.280561856740282911e-07
6.309978690886504774e+04 2.280561856740282911e-07
6.457254932456523966e+04 2.280561856740282911e-07
6.607968632755587169e+04 2.280561856740282911e-07
6.762200022799818544e+04 2.280561856740282911e-07
6.920031206214295526e+04 2.280561856740282911e-07
7.081546202940124203e+04 2.280561856740282911e-07
7.246830993961665081e+04 2.280561856740282911e-07
7.415973567077699408e+04 2.280561856740282911e-07
7.589063963740904001e+04 2.280561856740282911e-07
7.766194326990545960e+04 2.280561856740282911e-07
7.947458950504034874e+04 2.280561856740282911e-07
8.132954328793165041e+04 2.280561856740282911e-07
8.322779208572133211e+04 2.280561856740282911e-07
8.517034641324395488e+04 2.280561856740282911e-07
8.715824037096473330e+04 2.280561856740282911e-07
8.919253219547323533e+04 2.280561856740282911e-07
9.127430482282527373e+04 2.280561856740282911e-07
9.340466646503465017e+04 2.280561856740282911e-07
9.558475120001813048e+04 2.280561856740282911e-07
9.781571957531188673e+04 2.280561856740282911e-07
1.000987592258778459e+05 2.280561856740282911e-07
1.024350855063299387e+05 2.280561856740282911e-07
1.048259421379167034e+05 2.280561856740282911e-07
1.072726018706042669e+05 2.280561856740282911e-07
1.097763671606137505e+05 2.280561856740282911e-07
1.123385708637701027e+05 2.280561856740282911e-07
1.149605769450363296e+05 2.280561856740282911e-07
1.176437812046071049e+05 2.280561856740282911e-07
1.203896120209497749e+05 2.280561856740282911e-07
1.231995311111882329e+05 2.280561856740282911e-07
1.260750343092341936e+05 2.280561856740282911e-07
1.290176523620800290e+05 2.280561856740282911e-07
1.320289517446785176e+05 2.280561856740282911e-07
1.351105354938394157e+05 2.280561856740282911e-07
1.382640440615920525e+05 2.280561856740282911e-07
1.414911561884641706e+05 2.280561856740282911e-07
1.447935897971437080e+05 2.280561856740282911e-07
1.481731029069986835e+05 2.280561856740282911e-07
1.516314945699417731e+05 2.280561856740282911e-07
1.551706058281400765e+05 2.280561856740282911e-07
1.587923206940745295e+05 2.280561856740282911e-07
1.624985671534775465e+05 2.280561856740282911e-07
1.662913181916775357e+05 2.280561856740282911e-07
1.701725928438991832e+05 2.280561856740282911e-07
1.741444572700777499e+05 2.280561856740282911e-07
1.782090258547593839e+05 2.280561856740282911e-07
1.823684623326753208e+05 2.280561856740282911e-07
1.866249809405834822e+05 2.280561856740282911e-07
1.909808475959979114e+05 2.280561856740282911e-07
1.954383811034281971e+05 2.280561856740282911e-07
1.999999543887732725e+05 2.280561856740282911e-07
