2.000000000000000000e+00 6.888166103122640715e-02
2.046680424383283903e+00 7.002037049883921838e-02
2.094450379776869653e+00 7.097848208247574398e-02
2.143335296065727036e+00 7.165516512607325583e-02
2.193361196673736746e+00 7.320999148847315285e-02
2.244554712417015541e+00 7.343297389027866884e-02
2.296943095680578750e+00 7.554508015682076527e-02
2.350554234925890551e+00 7.723700385278314817e-02
2.405416669537023378e+00 7.873231340380405785e-02
2.461559605013330376e+00 7.981318075046411886e-02
2.519012928516715988e+00 8.174501185489278787e-02
2.577807224781785589e+00 8.355690026133523463e-02
2.637973792397340311e+00 8.487867884681910002e-02
2.699544660467884771e+00 8.472391230330206247e-02
2.762552605664019278e+00 8.780680198012499882e-02
2.827031169670791044e+00 8.983071718116940330e-02
2.893014677043293403e+00 9.171529666538050241e-02
2.960538253479018334e+00 9.289851145012827105e-02
3.029637844516691825e+00 9.445191376706410513e-02
3.100350234671540139e+00 9.494271440604801215e-02
3.172713067017181032e+00 9.698543291198689908e-02
3.246764863224557374e+00 9.930455199515506037e-02
3.322545044068585973e+00 1.006206908978913989e-01
3.400093950413435095e+00 1.028519213215352973e-01
3.479452864687603064e+00 1.046974608719263011e-01
3.560664032860227923e+00 1.063402815678152757e-01
3.643770686930333458e+00 1.081713284349481025e-01
3.728817067940972674e+00 1.103715300144411521e-01
3.815848449530531372e+00 1.121815816745437011e-01
3.904911162033722238e+00 1.142219951842603359e-01
3.996052617145100516e+00 1.164187044651554676e-01
4.089321333158233429e+00 1.185316931614145974e-01
4.184766960793955271e+00 1.202883265651258637e-01
4.282440309631458497e+00 1.188859618325058820e-01
4.382393375156298454e+00 1.244381745029805725e-01
4.484679366439691783e+00 1.259840037068373775e-01
4.589352734463872707e+00 1.286257737019888547e-01
4.696469201108552483e+00 1.312765885911282571e-01
4.806085788813937221e+00 1.336813470365717793e-01
4.918260850936089668e+00 1.354082772485601660e-01
5.033054102810782915e+00 1.373428464391774906e-01
5.150526653542401689e+00 1.400296019107856726e-01
5.270741038534788814e+00 1.427806115120331121e-01
5.393761252781386517e+00 1.437763915943288950e-01
5.519652784932360667e+00 1.468112329373940927e-01
5.648482652156870287e+00 1.502707910650956380e-01
5.780319435819019525e+00 1.514215572818544964e-01
5.915233317986507977e+00 1.546922484170845102e-01
6.053296118791383407e+00 1.582038741249444103e-01
6.194581334662817795e+00 1.602686857589608604e-01
6.339164177452231819e+00 1.630732567489928952e-01
6.487121614471623054e+00 1.660009554600422599e-01
6.638532409466377793e+00 1.682800269196644549e-01
6.793477164544415636e+00 1.714904640107446088e-01
6.952038363083956618e+00 1.738318339141806668e-01
7.114300413642771659e+00 1.770244650229003680e-01
7.280349694892280787e+00 1.776014748694076661e-01
7.450274601600423097e+00 1.826342227799078177e-01
7.624165591687778409e+00 1.861296227911331536e-01
7.802115234381984621e+00 1.890836443441319681e-01
7.984218259496103087e+00 1.919861022879204571e-01
8.170571607857125329e+00 1.956563141078058177e-01
8.361274482911515094e+00 1.985501731432796624e-01
8.556428403535232263e+00 2.007189615276937233e-01
8.756137258076337915e+00 2.052719214754371024e-01
8.960507359658981485e+00 2.085237427212840999e-01
9.169647502778191850e+00 2.096499640227641181e-01
9.383669021215595762e+00 2.155292087762677722e-01
9.602685847306904776e+00 2.181563540842930415e-01
9.826814572592725838e+00 2.219689589939815577e-01
1.005617450988495776e+01 2.254522072279037670e-01
1.029088775678185463e+01 2.292873417715581008e-01
1.053107926066551414e+01 2.334676310825101742e-01
1.077687688521644738e+01 2.365111498106850507e-01
1.102841147848060110e+01 2.404716563452388434e-01
1.128581694252507894e+01 2.446146996960172348e-01
1.154923030471964296e+01 2.454007080348901138e-01
1.181879179068194219e+01 2.518124842399807606e-01
1.209464489892529571e+01 2.565850347915558105e-01
1.237693647724877266e+01 2.602193854833267928e-01
1.266581680091023010e+01 2.638265004128694802e-01
1.296143965262393927e+01 2.685165078537333772e-01
1.326396240442534413e+01 2.726992716313235143e-01
1.357354610144659368e+01 2.774136773920132248e-01
1.389035554764739189e+01 2.811598047821336488e-01
1.421455939354683373e+01 2.861460032918899943e-01
1.454633022600291525e+01 2.875926761236384244e-01
1.488584466008751939e+01 2.936785304317680034e-01
1.523328343310578425e+01 2.978877828223049917e-01
1.558883150080989743e+01 3.037042959364740224e-01
1.595267813585855343e+01 3.087763033348594477e-01
1.632501702857445736e+01 3.132885760110988849e-01
1.670604639005355452e+01 3.178088040583101903e-01
1.709596905768081854e+01 3.233695284656289970e-01
1.749499260310883386e+01 3.281095639504213457e-01
1.790332944275660410e+01 3.332656800924257978e-01
1.832119695088741551e+01 3.376508446228185800e-01
1.874881757532599025e+01 3.413712051849111528e-01
1.918641895587648705e+01 3.486140589698355496e-01
1.963423404550438534e+01 3.543590861893840538e-01
2.009250123434681612e+01 3.597613188863721945e-01
2.056146447661730647e+01 3.636271917758853722e-01
2.104137342047245696e+01 3.699624453487601605e-01
2.153248354090986538e+01 3.755886375625211993e-01
2.203505627576773662e+01 3.822346430293465103e-01
2.254935916489893444e+01 3.879569349420999846e-01
2.307566599259321549e+01 3.933637017782270484e-01
2.361425693332379439e+01 3.990432166219308185e-01
2.416541870089553257e+01 4.037873338582524396e-01
2.472944470107429993e+01 4.107126590157422763e-01
2.530663518777885912e+01 4.171705514034678153e-01
2.589729742291808634e+01 4.227480443207660699e-01
2.650174583995906374e+01 4.304296360040769098e-01
2.712030221131266572e+01 4.358290144028308388e-01
2.775329581962617098e+01 4.433373349734578972e-01
2.840106363307364745e+01 4.497827894504601853e-01
2.906395048473792286e+01 4.565590534560287073e-01
2.974230925617907673e+01 4.639025679912481270e-01
3.043650106528772525e+01 4.705656879164406559e-01
3.114689545852268537e+01 4.765059204368866097e-01
3.187387060763548874e+01 4.841706893654917354e-01
3.261781351098665027e+01 4.917030810055241785e-01
3.337912019956048226e+01 4.987482678001241010e-01
3.415819594778855617e+01 5.057234540602376649e-01
3.495545548929361956e+01 5.132652448710796067e-01
3.577132323766923605e+01 5.210429832846862341e-01
3.660623351241223844e+01 5.286907313449872303e-01
3.746063077012875198e+01 5.364257885596119824e-01
3.833496984113629935e+01 5.446789638987337145e-01
3.922971617158860624e+01 5.519298683028193153e-01
4.014534607125138876e+01 5.606389520822471217e-01
4.108234696706128375e+01 5.686030373524246784e-01
4.204121766260316662e+01 5.765968144127140427e-01
4.302246860364332548e+01 5.849369051918505980e-01
4.402662214986062850e+01 5.932630086783258205e-01
4.505421285291960487e+01 6.023908196545713079e-01
4.610578774103417032e+01 6.107996685319181385e-01
4.718190661017270315e+01 6.195986725787387961e-01
4.828314232206037815e+01 6.285136029670899127e-01
4.941008110913650597e+01 6.376660253452540728e-01
5.056332288662998309e+01 6.469884704859105717e-01
5.174348157191845132e+01 6.559962987416280145e-01
5.295118541134133494e+01 6.658322374045286818e-01
5.418707731464103006e+01 6.749610385992855788e-01
5.545181519720964758e+01 6.848607838846276774e-01
5.674607233032426024e+01 6.947308724986001049e-01
5.807053769955627587e+01 7.047537294320488366e-01
5.942591637154668405e+01 7.149164783596023698e-01
6.081292986934133893e+01 7.253444948683249738e-01
6.223231655648722693e+01 7.357452414865081058e-01
6.368483203009306237e+01 7.463380697091420712e-01
6.517124952306448904e+01 7.570995171054856199e-01
6.669236031572728507e+01 7.681329928409540431e-01
6.824897415705778769e+01 7.791172550661631391e-01
6.984191969574543180e+01 7.901862985863628008e-01
7.147204492131572806e+01 8.012678047523733582e-01
7.314021761554982959e+01 8.128427371552664482e-01
7.484732581443961408e+01 8.244134657693515944e-01
7.659427828092562152e+01 8.362497723053291532e-01
7.838200498866808630e+01 8.482623730323567424e-01
8.021145761710991451e+01 8.601533491132515863e-01
8.208361005809418032e+01 8.724998074786270985e-01
8.399945893430607669e+01 8.848038797384881748e-01
8.596002412981592045e+01 8.974566401993046005e-01
8.796634933300447301e+01 9.100020951893368348e-01
9.001950259216093286e+01 9.229244761380949180e-01
9.212057688404800615e+01 9.359916878760170533e-01
9.427069069573819604e+01 9.492712864474077694e-01
9.647098862002934538e+01 9.626129227207471661e-01
9.872264196475833842e+01 9.762550889213980065e-01
1.010268493763352780e+02 9.898130429305875833e-01
1.033848374778319652e+02 1.003757593739342591e+00
1.057978615219630143e+02 1.017848614416298147e+00
1.082672060593075685e+02 1.032048392787386693e+00
1.107941856221280688e+02 1.046458818809969049e+00
1.133801454241486795e+02 1.061105275446110774e+00
1.160264620766675705e+02 1.075868855094004095e+00
1.187345443213824581e+02 1.090778886102544920e+00
1.215058337803214812e+02 1.106046056425465052e+00
1.243418057232765364e+02 1.121268797822572383e+00
1.272439698531497783e+02 1.136666985754791082e+00
1.302138711096291672e+02 1.152382586446171864e+00
1.332530904916229986e+02 1.168132232598981579e+00
1.363632458988895735e+02 1.184195645034579636e+00
1.395459929933106764e+02 1.200182540334980841e+00
1.428030260802679834e+02 1.216586402977143155e+00
1.461360790105899810e+02 1.232922782002777051e+00
1.495469261035517547e+02 1.249684921772759916e+00
1.530373830914164444e+02 1.266181191040545162e+00
1.566093080860237308e+02 1.282961472243142831e+00
1.602646025679377431e+02 1.299808618587470210e+00
1.640052123986826018e+02 1.316711354403142131e+00
1.678331288566031390e+02 1.333895942888597697e+00
1.717503896969034258e+02 1.351080077500374843e+00
1.757590802364263993e+02 1.368341611021256732e+00
1.798613344637523710e+02 1.385731868003176714e+00
1.840593361752083013e+02 1.403197214315220043e+00
1.883553201373903789e+02 1.420525669188810181e+00
1.927515732768217731e+02 1.438253034548684139e+00
1.972504358973755814e+02 1.455690763961977829e+00
2.018543029261141726e+02 1.473201867764679873e+00
2.065656251882057006e+02 1.490710222008051700e+00
2.113869107115976647e+02 1.508192909644739732e+00
2.163207260621418868e+02 1.525655813710940389e+00
2.213696977098823879e+02 1.543109907412581139e+00
2.265365134272307444e+02 1.560495016678443259e+00
2.318239237197771558e+02 1.577617332830998809e+00
2.372347432904956008e+02 1.594741719797029944e+00
2.427718525381255290e+02 1.611389229274149626e+00
2.484381990905234829e+02 1.628108567776251014e+00
2.542367993738057805e+02 1.644545459590279535e+00
2.601707402181141333e+02 1.660864441023648386e+00
2.662431805008615129e+02 1.676622320648322395e+00
2.724573528283293626e+02 1.692589682935808471e+00
2.788165652565154460e+02 1.708179191484034298e+00
2.853242030521473680e+02 1.723899455437975181e+00
2.919837304947957364e+02 1.739523211804757885e+00
2.987986927210515660e+02 1.754964053846328031e+00
3.057727176117459180e+02 1.770064829485083591e+00
3.129095177232191531e+02 1.784832409363282135e+00
3.202128922636635480e+02 1.798635120251394159e+00
3.276867291155969610e+02 1.811469456288454571e+00
3.353350069055398421e+02 1.823124944109722589e+00
3.431617971220009622e+02 1.833443520024571338e+00
3.511712662828937823e+02 1.842434369941768457e+00
3.593676781535438636e+02 1.850170122959209573e+00
3.677553960164653972e+02 1.856313742153510749e+00
3.763388849941111403e+02 1.861279346224676390e+00
3.851227144258397175e+02 1.864944817501560825e+00
3.941115603003596561e+02 1.867226856061307227e+00
4.033102077449493095e+02 1.868130846608426543e+00
4.127235535727717206e+02 1.867632635630494864e+00
4.223566088896488964e+02 1.865734648365046544e+00
4.322145017616753080e+02 1.862479697158261560e+00
4.423024799450977298e+02 1.858022963216680923e+00
4.526259136799059206e+02 1.852227613620046398e+00
4.631902985486304374e+02 1.845339259601388671e+00
4.740012584018655843e+02 1.837205019850058019e+00
4.850645483520705739e+02 1.827558369269588034e+00
4.963860578372510304e+02 1.816034062438348418e+00
5.079718137561447975e+02 1.802326716961790476e+00
5.198279836765865412e+02 1.786207137391963906e+00
5.319608791187516772e+02 1.767535873315658979e+00
5.443769589150359707e+02 1.746352543640269372e+00
5.570828326483532464e+02 1.722738708643900774e+00
5.700852641706869690e+02 1.696848186857983665e+00
5.833911752037591896e+02 1.668662131690874073e+00
5.970076490237458984e+02 1.638172098567884261e+00
6.109419342319936277e+02 1.605328267512002860e+00
6.252014486137406948e+02 1.569855581880007289e+00
6.397937830869075242e+02 1.531255328473560606e+00
6.547267057430489103e+02 1.489391156153880846e+00
6.700081659826265650e+02 1.443898728186646663e+00
6.856462987467941730e+02 1.394547147971324952e+00
7.016494288479584611e+02 1.341168686520809228e+00
7.180260754014136637e+02 1.283857244369321249e+00
7.347849563604148670e+02 1.222788771564623511e+00
7.519349931570934586e+02 1.158408903678254109e+00
7.694853154517003304e+02 1.091350781982239893e+00
7.874452659926959086e+02 1.022462285721864816e+00
8.058244055902695209e+02 9.524840596062758014e-01
8.246325182059504186e+02 8.823939956699626830e-01
8.438796161610048330e+02 8.131125453749640242e-01
8.635759454664042778e+02 7.451470581807951854e-01
8.837319912771882855e+02 6.792118608828396908e-01
9.043584834741403711e+02 6.157407209805508819e-01
9.254664023757377436e+02 5.551061571299027442e-01
9.470669845834232774e+02 4.976855793706329578e-01
9.691717289632991879e+02 4.435921829142674411e-01
9.917924027674423542e+02 3.932565582083260014e-01
1.014941047898093188e+03 3.466437138926397044e-01
1.038629987318042367e+03 3.042221363496497855e-01
1.062871831610648314e+03 2.657914240566638386e-01
1.087679485692959133e+03 2.311981888538443830e-01
1.113066155685529111e+03 2.003028368393916236e-01
1.139045355942565038e+03 1.729418015424434296e-01
1.165630916246169136e+03 1.489392656751064858e-01
1.192836989168491982e+03 1.278239528062680985e-01
1.220678057605724234e+03 1.094692923043927013e-01
1.249168942487923687e+03 9.390357988688358137e-02
1.278324810668799728e+03 8.093515699090805815e-02
1.308161182999650464e+03 7.020601023106028127e-02
1.338693942591732139e+03 6.144026164244436455e-02
1.369939343271489406e+03 5.448020749265603674e-02
1.401914018233123670e+03 4.884834402442924522e-02
1.434634988893122454e+03 4.401994118764689101e-02
1.468119673951442337e+03 3.979406821521019183e-02
1.502385898664193746e+03 3.589248875279372336e-02
1.537451904332745698e+03 3.230095203155557843e-02
1.573336358014316374e+03 2.886420445922785460e-02
1.610058362459196132e+03 2.557909564264049598e-02
1.647637466279920318e+03 2.248256611032885266e-02
1.686093674357793361e+03 1.954941631185175277e-02
1.725447458492290025e+03 1.675115979018423212e-02
1.765719768299029965e+03 1.406601326911148704e-02
1.806932042362104994e+03 1.160588537765960652e-02
1.849106219646714180e+03 9.412143593178039225e-03
1.892264751178153801e+03 7.527805967208410845e-03
1.936430611993417187e+03 5.893970500577460671e-03
1.981627313371733180e+03 4.558203651227568654e-03
2.027878915350583384e+03 3.444973711307862917e-03
2.075210039533823419e+03 2.919585442498586533e-03
2.123645882198767140e+03 1.977844473797069156e-03
2.173212227709193485e+03 1.245411506384060856e-03
2.223935462241398000e+03 6.497592411046588861e-04
2.275842587830630237e+03 2.280561856740282911e-07
2.328961236745371025e+03 2.280561856740282911e-07
2.383319686197117335e+03 2.280561856740282911e-07
2.438946873393476380e+03 2.280561856740282911e-07
2.495872410942622992e+03 2.280561856740282911e-07
2.554126602617286608e+03 2.280561856740282911e-07
2.613740459486692544e+03 2.280561856740282911e-07
2.674745716424992679e+03 2.280561856740282911e-07
2.737174849005035412e+03 2.280561856740282911e-07
2.801061090786439308e+03 2.280561856740282911e-07
2.866438451007147705e+03 2.280561856740282911e-07
2.933341732687937110e+03 2.280561856740282911e-07
3.001806551159470018e+03 2.280561856740282911e-07
3.071869353021793813e+03 2.280561856740282911e-07
3.143567435546325669e+03 2.280561856740282911e-07
3.216938966530710331e+03 2.280561856740282911e-07
3.292023004617099559e+03 2.280561856740282911e-07
3.368859520084630276e+03 2.280561856740282911e-07
3.447489416127239565e+03 2.280561856740282911e-07
3.527954550628086963e+03 2.280561856740282911e-07
3.610297758442216491e+03 2.280561856740282911e-07
3.694562874199268208e+03 2.280561856740282911e-07
3.780794755638442894e+03 2.280561856740282911e-07
3.869039307488088525e+03 2.280561856740282911e-07
3.959343505902665129e+03 2.280561856740282911e-07
4.051755423470034202e+03 2.280561856740282911e-07
4.146324254802458199e+03 2.280561856740282911e-07
4.243100342724900656e+03 2.280561856740282911e-07
4.342135205074529949e+03 2.280561856740282911e-07
4.443481562125769415e+03 2.280561856740282911e-07
4.547193364655430742e+03 2.280561856740282911e-07
4.653325822662915925e+03 2.280561856740282911e-07
4.761935434760716817e+03 2.280561856740282911e-07
4.873080018250931971e+03 2.280561856740282911e-07
4.986818739903756068e+03 2.280561856740282911e-07
5.103212147454367368e+03 2.280561856740282911e-07
5.222322201834918815e+03 2.280561856740282911e-07
5.344212310158864966e+03 2.280561856740282911e-07
5.468947359475159828e+03 2.280561856740282911e-07
5.596593751310231710e+03 2.280561856740282911e-07
5.727219437016231495e+03 2.280561856740282911e-07
5.860893953944282657e+03 2.280561856740282911e-07
5.997688462462055213e+03 2.280561856740282911e-07
6.137675783835284165e+03 2.280561856740282911e-07
6.280930438993504140e+03 2.280561856740282911e-07
6.427528688200551187e+03 2.280561856740282911e-07
6.577548571651020211e+03 2.280561856740282911e-07
6.731069951014188518e+03 2.280561856740282911e-07
6.888174551947639884e+03 2.280561856740282911e-07
7.048946007603168255e+03 2.280561856740282911e-07
7.213469903148055892e+03 2.280561856740282911e-07
7.381833821325556528e+03 2.280561856740282911e-07
7.554127389078728811e+03 2.280561856740282911e-07
7.730442325262523809e+03 2.280561856740282911e-07
7.910872489469403263e+03 2.280561856740282911e-07
8.095513931994644736e+03 2.280561856740282911e-07
8.284464944967787233e+03 2.280561856740282911e-07
8.477826114677556689e+03 2.280561856740282911e-07
8.675700375117978183e+03 2.280561856740282911e-07
8.878193062784332142e+03 2.280561856740282911e-07
9.085411972748086555e+03 2.280561856740282911e-07
9.297467416040513854e+03 2.280561856740282911e-07
9.514472278375778842e+03 2.280561856740282911e-07
9.736542080244556928e+03 2.280561856740282911e-07
9.963795038410320558e+03 2.280561856740282911e-07
1.019635212884085013e+04 2.280561856740282911e-07
1.043433715110869889e+04 2.280561856740282911e-07
1.067787679429469972e+04 2.280561856740282911e-07
1.092710070442975120e+04 2.280561856740282911e-07
1.118214155351058616e+04 2.280561856740282911e-07
1.144313511012649178e+04 2.280561856740282911e-07
1.171022031173447613e+04 2.280561856740282911e-07
1.198353933862123813e+04 2.280561856740282911e-07
1.226323768959154950e+04 2.280561856740282911e-07
1.254946425942315000e+04 2.280561856740282911e-07
1.284237141812951631e+04 2.280561856740282911e-07
1.314211509207254130e+04 2.280561856740282911e-07
1.344885484696849926e+04 2.280561856740282911e-07
1.376275397283132588e+04 2.280561856740282911e-07
1.408397957089857664e+04 2.280561856740282911e-07
1.441270264258610405e+04 2.280561856740282911e-07
1.474909818051909315e+04 2.280561856740282911e-07
1.509334526168777302e+04 2.280561856740282911e-07
1.544562714277728446e+04 2.280561856740282911e-07
1.580613135772269561e+04 2.280561856740282911e-07
1.617504981754089749e+04 2.280561856740282911e-07
1.655257891249268869e+04 2.280561856740282911e-07
1.693891961662916947e+04 2.280561856740282911e-07
1.733427759477846485e+04 2.280561856740282911e-07
1.773886331202940710e+04 2.280561856740282911e-07
1.815289214577071471e+04 2.280561856740282911e-07
1.857658450034499765e+04 2.280561856740282911e-07
1.901016592437900545e+04 2.280561856740282911e-07
1.945386723085233825e+04 2.280561856740282911e-07
1.990792461996846760e+04 2.280561856740282911e-07
2.037257980489372858e+04 2.280561856740282911e-07
2.084808014043111689e+04 2.280561856740282911e-07
2.133467875469714272e+04 2.280561856740282911e-07
2.183263468387229659e+04 2.280561856740282911e-07
2.234221301009648232e+04 2.280561856740282911e-07
2.286368500258300628e+04 2.280561856740282911e-07
2.339732826202611614e+04 2.280561856740282911e-07
2.394342686837931251e+04 2.280561856740282911e-07
2.450227153208235541e+04 2.280561856740282911e-07
2.507415974881839429e+04 2.280561856740282911e-07
2.565939595788294901e+04 2.280561856740282911e-07
2.625829170424930635e+04 2.280561856740282911e-07
2.687116580441652695e+04 2.280561856740282911e-07
2.749834451612841076e+04 2.280561856740282911e-07
2.814016171205367209e+04 2.280561856740282911e-07
2.879695905752013277e+04 2.280561856740282911e-07
2.946908619239668769e+04 2.280561856740282911e-07
3.015690091722102079e+04 2.280561856740282911e-07
3.086076938367128969e+04 2.280561856740282911e-07
3.158106628948351499e+04 2.280561856740282911e-07
3.231817507791838216e+04 2.280561856740282911e-07
3.307248814188357210e+04 2.280561856740282911e-07
3.384440703282070899e+04 2.280561856740282911e-07
3.463434267446705780e+04 2.280561856740282911e-07
3.544271558160716813e+04 2.280561856740282911e-07
3.626995608392990835e+04 2.280561856740282911e-07
3.711650455511037580e+04 2.280561856740282911e-07
3.798281164723871188e+04 2.280561856740282911e-07
3.886933853072036436e+04 2.280561856740282911e-07
3.977655713977615233e+04 2.280561856740282911e-07
4.070495042367151473e+04 2.280561856740282911e-07
4.165501260381028987e+04 2.280561856740282911e-07
4.262724943682875164e+04 2.280561856740282911e-07
4.362217848383040109e+04 2.280561856740282911e-07
4.464032938590468984e+04 2.280561856740282911e-07
4.568224414607651124e+04 2.280561856740282911e-07
4.674847741783624951e+04 2.280561856740282911e-07
4.783959680040474632e+04 2.280561856740282911e-07
4.895618314088880288e+04 2.280561856740282911e-07
5.009883084349004639e+04 2.280561856740282911e-07
5.126814818593030213e+04 2.280561856740282911e-07
5.246475764326247008e+04 2.280561856740282911e-07
5.368929621923930245e+04 2.280561856740282911e-07
5.494241578541617491e+04 2.280561856740282911e-07
5.622478342816922668e+04 2.280561856740282911e-07
5.753708180381183047e+04 2.280561856740282911e-07
5.888000950200067746e+04 2.280561856740282911e-07
6.025428141762328596e+04 2.280561856740282911e-07
6.166062913136553834e+04 2.280561856740282911e-07
6.309980129916177248e+04 2.280561856740282911e-07
6.457256405073453789e+04 2.280561856740282911e-07
6.607970139743709296e+04 2.280561856740282911e-07
6.762201564961363329e+04 2.280561856740282911e-07
6.920032784370217996e+04 2.280561856740282911e-07
7.081547817930539895e+04 2.280561856740282911e-07
7.246832646646299690e+04 2.280561856740282911e-07
7.415975258336344268e+04 2.280561856740282911e-07
7.589065694473884651e+04 2.280561856740282911e-07
7.766196098119202361e+04 2.280561856740282911e-07
7.947460762971208896e+04 2.280561856740282911e-07
8.132956183563708328e+04 2.280561856740282911e-07
8.322781106633413583e+04 2.280561856740282911e-07
8.517036583686829545e+04 2.280561856740282911e-07
8.715826024794059049e+04 2.280561856740282911e-07
8.919255253638191789e+04 2.280561856740282911e-07
9.127432563849508006e+04 2.280561856740282911e-07
9.340468776654661633e+04 2.280561856740282911e-07
9.558477299871189462e+04 2.280561856740282911e-07
9.781574188279180089e+04 2.280561856740282911e-07
1.000987820540190733e+05 2.280561856740282911e-07
1.024351088672848273e+05 2.280561856740282911e-07
1.048259660441212327e+05 2.280561856740282911e-07
1.072726263347846834e+05 2.280561856740282911e-07
1.097763921957933198e+05 2.280561856740282911e-07
1.123385964832760801e+05 2.280561856740282911e-07
1.149606031625070173e+05 2.280561856740282911e-07
1.176438080339991138e+05 2.280561856740282911e-07
1.203896394765454897e+05 2.280561856740282911e-07
1.231995592076033790e+05 2.280561856740282911e-07
1.260750630614256370e+05 2.280561856740282911e-07
1.290176817853537214e+05 2.280561856740282911e-07
1.320289818546976603e+05 2.280561856740282911e-07
1.351105663066327979e+05 2.280561856740282911e-07
1.382640755935625639e+05 2.280561856740282911e-07
1.414911884563975618e+05 2.280561856740282911e-07
1.447936228182175255e+05 2.280561856740282911e-07
1.481731366987913498e+05 2.280561856740282911e-07
1.516315291504420456e+05 2.280561856740282911e-07
1.551706412157565646e+05 2.280561856740282911e-07
1.587923569076455024e+05 2.280561856740282911e-07
1.624986042122809449e+05 2.280561856740282911e-07
1.662913561154412746e+05 2.280561856740282911e-07
1.701726316528116295e+05 2.280561856740282911e-07
1.741444969847984321e+05 2.280561856740282911e-07
1.782090664964300813e+05 2.280561856740282911e-07
1.823685039229312388e+05 2.280561856740282911e-07
1.866250235015648068e+05 2.280561856740282911e-07
1.909808911503615673e+05 2.280561856740282911e-07
1.954384256743599253e+05 2.280561856740282911e-07
2.000000000000000000e+05 2.280561856740282911e-07
