2.000000000000000000e+00 1.202940636752685560e-01
2.046680424383283903e+00 1.223937457339316914e-01
2.094450379776869653e+00 1.245025099611202779e-01
2.143335296065727036e+00 1.266454704151115940e-01
2.193361196673736746e+00 1.288479793313820898e-01
2.244554712417015541e+00 1.311164218524833447e-01
2.296943095680578750e+00 1.334024153283498437e-01
2.350554234925890551e+00 1.357518674316913754e-01
2.405416669537023378e+00 1.381697316831088651e-01
2.461559605013330376e+00 1.406374713067179982e-01
2.519012928516715988e+00 1.431133001916110592e-01
2.577807224781785589e+00 1.457024577964149969e-01
2.637973792397340311e+00 1.482734132862304210e-01
2.699544660467884771e+00 1.508365624491626866e-01
2.762552605664019278e+00 1.534983860628076069e-01
2.827031169670791044e+00 1.561573945382606909e-01
2.893014677043293403e+00 1.588139817493066930e-01
2.960538253479018334e+00 1.615835004148375997e-01
3.029637844516691825e+00 1.643067756654763012e-01
3.100350234671540139e+00 1.671663448517704542e-01
3.172713067017181032e+00 1.699843191424728617e-01
3.246764863224557374e+00 1.729183150358674093e-01
3.322545044068585973e+00 1.758609704497249848e-01
3.400093950413435095e+00 1.788060161845612117e-01
3.479452864687603064e+00 1.818781754604642531e-01
3.560664032860227923e+00 1.849548495417746019e-01
3.643770686930333458e+00 1.880723252025275349e-01
3.728817067940972674e+00 1.912065307888992094e-01
3.815848449530531372e+00 1.944263083094120437e-01
3.904911162033722238e+00 1.977062387771214569e-01
3.996052617145100516e+00 2.010124637128616332e-01
4.089321333158233429e+00 2.043631904597088822e-01
4.184766960793955271e+00 2.077568538970592238e-01
4.282440309631458497e+00 2.111751451143939473e-01
4.382393375156298454e+00 2.146651512798422590e-01
4.484679366439691783e+00 2.182319196775920067e-01
4.589352734463872707e+00 2.218372781247379411e-01
4.696469201108552483e+00 2.255038124536595245e-01
4.806085788813937221e+00 2.292724682699018857e-01
4.918260850936089668e+00 2.330999859360529669e-01
5.033054102810782915e+00 2.369541975064310968e-01
5.150526653542401689e+00 2.409104877447811044e-01
5.270741038534788814e+00 2.448716639193098676e-01
5.393761252781386517e+00 2.488907857779264210e-01
5.519652784932360667e+00 2.529704165361393309e-01
5.648482652156870287e+00 2.570854458227554984e-01
5.780319435819019525e+00 2.612315422190845116e-01
5.915233317986507977e+00 2.654486369408817770e-01
6.053296118791383407e+00 2.697259339356350427e-01
6.194581334662817795e+00 2.740596989184740928e-01
6.339164177452231819e+00 2.784563314086903607e-01
6.487121614471623054e+00 2.829258435080956313e-01
6.638532409466377793e+00 2.874332965089628766e-01
6.793477164544415636e+00 2.919889142210091992e-01
6.952038363083956618e+00 2.966646390975703484e-01
7.114300413642771659e+00 3.013934652180095819e-01
7.280349694892280787e+00 3.062346220446763301e-01
7.450274601600423097e+00 3.111148790946683396e-01
7.624165591687778409e+00 3.160838565396612010e-01
7.802115234381984621e+00 3.211130868175216535e-01
7.984218259496103087e+00 3.261904287498685329e-01
8.170571607857125329e+00 3.313235087041385141e-01
8.361274482911515094e+00 3.365151318324318130e-01
8.556428403535232263e+00 3.417539287989342922e-01
8.756137258076337915e+00 3.470701305517241986e-01
8.960507359658981485e+00 3.524727245887424032e-01
9.169647502778191850e+00 3.579246861350633413e-01
9.383669021215595762e+00 3.634981739286414215e-01
9.602685847306904776e+00 3.691582293536762593e-01
9.826814572592725838e+00 3.748917925805259066e-01
1.005617450988495776e+01 3.807052826568353421e-01
1.029088775678185463e+01 3.866003069003166592e-01
1.053107926066551414e+01 3.925548299875127323e-01
1.077687688521644738e+01 3.985803102964980416e-01
1.102841147848060110e+01 4.046647177878190393e-01
1.128581694252507894e+01 4.108446876961781014e-01
1.154923030471964296e+01 4.171033786645221286e-01
1.181879179068194219e+01 4.234639777286243190e-01
1.209464489892529571e+01 4.299232566948277823e-01
1.237693647724877266e+01 4.364751266199164981e-01
1.266581680091023010e+01 4.431088271004736678e-01
1.296143965262393927e+01 4.498216131226225878e-01
1.326396240442534413e+01 4.566094656849994937e-01
1.357354610144659368e+01 4.634856684243302549e-01
1.389035554764739189e+01 4.704627585735274287e-01
1.421455939354683373e+01 4.775434144235554124e-01
1.454633022600291525e+01 4.847252373745726817e-01
1.488584466008751939e+01 4.920056771612030255e-01
1.523328343310578425e+01 4.993786895683530180e-01
1.558883150080989743e+01 5.068397528496294546e-01
1.595267813585855343e+01 5.143995716830223053e-01
1.632501702857445736e+01 5.220649882246544138e-01
1.670604639005355452e+01 5.298470246610301748e-01
1.709596905768081854e+01 5.377355577091657013e-01
1.749499260310883386e+01 5.457237562533181485e-01
1.790332944275660410e+01 5.538162998449701613e-01
1.832119695088741551e+01 5.620177808754475146e-01
1.874881757532599025e+01 5.703347706674132267e-01
1.918641895587648705e+01 5.787708719334025975e-01
1.963423404550438534e+01 5.873232354724067239e-01
2.009250123434681612e+01 5.959808592780064807e-01
2.056146447661730647e+01 6.047575611477769009e-01
2.104137342047245696e+01 6.136530120909953201e-01
2.153248354090986538e+01 6.226795156774217466e-01
2.203505627576773662e+01 6.318268571136643752e-01
2.254935916489893444e+01 6.410966112593313726e-01
2.307566599259321549e+01 6.504926077367243487e-01
2.361425693332379439e+01 6.600203037424833274e-01
2.416541870089553257e+01 6.696793574485140343e-01
2.472944470107429993e+01 6.794685144990088022e-01
2.530663518777885912e+01 6.893947783012204233e-01
2.589729742291808634e+01 6.994561228662972141e-01
2.650174583995906374e+01 7.096578933239092724e-01
2.712030221131266572e+01 7.199998267068502544e-01
2.775329581962617098e+01 7.304809545136988769e-01
2.840106363307364745e+01 7.411084343608573821e-01
2.906395048473792286e+01 7.518817413773851710e-01
2.974230925617907673e+01 7.628012152223834219e-01
3.043650106528772525e+01 7.738773348019328813e-01
3.114689545852268537e+01 7.851025206378523524e-01
3.187387060763548874e+01 7.964808086182411095e-01
3.261781351098665027e+01 8.080197663738645231e-01
3.337912019956048226e+01 8.197199797667604759e-01
3.415819594778855617e+01 8.315881897429537872e-01
3.495545548929361956e+01 8.436205329512946882e-01
3.577132323766923605e+01 8.558266028724833552e-01
3.660623351241223844e+01 8.682015096919839525e-01
3.746063077012875198e+01 8.807490868331208089e-01
3.833496984113629935e+01 8.934673908216665961e-01
3.922971617158860624e+01 9.063593159727665327e-01
4.014534607125138876e+01 9.194275728312000240e-01
4.108234696706128375e+01 9.326730417441863041e-01
4.204121766260316662e+01 9.460980743250472225e-01
4.302246860364332548e+01 9.597080488375806517e-01
4.402662214986062850e+01 9.735046303669225853e-01
4.505421285291960487e+01 9.874939059875533776e-01
4.610578774103417032e+01 1.001676042150319690e+00
4.718190661017270315e+01 1.016055453215372495e+00
4.828314232206037815e+01 1.030634901460997677e+00
4.941008110913650597e+01 1.045418730786177752e+00
5.056332288662998309e+01 1.060408116853526872e+00
5.174348157191845132e+01 1.075607888776427545e+00
5.295118541134133494e+01 1.091019586654339735e+00
5.418707731464103006e+01 1.106649528367597890e+00
5.545181519720964758e+01 1.122497731026535162e+00
5.674607233032426024e+01 1.138569956631914959e+00
5.807053769955627587e+01 1.154868300115141855e+00
5.942591637154668405e+01 1.171397005650291812e+00
6.081292986934133893e+01 1.188159373880288028e+00
6.223231655648722693e+01 1.205157892360045002e+00
6.368483203009306237e+01 1.222396673535871559e+00
6.517124952306448904e+01 1.239880878336511616e+00
6.669236031572728507e+01 1.257613040323162235e+00
6.824897415705778769e+01 1.275595998955543875e+00
6.984191969574543180e+01 1.293833109883600008e+00
7.147204492131572806e+01 1.312328148180606391e+00
7.314021761554982959e+01 1.331086487357977965e+00
7.484732581443961408e+01 1.350107829139272297e+00
7.659427828092562152e+01 1.369398365961529640e+00
7.838200498866808630e+01 1.388960543267333092e+00
8.021145761710991451e+01 1.408796268066478952e+00
8.208361005809418032e+01 1.428910921942797341e+00
8.399945893430607669e+01 1.449305610776106201e+00
8.596002412981592045e+01 1.469982112676580854e+00
8.796634933300447301e+01 1.490944278865797390e+00
9.001950259216093286e+01 1.512194515227013314e+00
9.212057688404800615e+01 1.533734629031562102e+00
9.427069069573819604e+01 1.555565370883162046e+00
9.647098862002934538e+01 1.577689754944864964e+00
9.872264196475833842e+01 1.600106856475979722e+00
1.010268493763352780e+02 1.622818609967394021e+00
1.033848374778319652e+02 1.645824290191347794e+00
1.057978615219630143e+02 1.669126084888706396e+00
1.082672060593075685e+02 1.692720601995191920e+00
1.107941856221280688e+02 1.716608577854323414e+00
1.133801454241486795e+02 1.740788161885254315e+00
1.160264620766675705e+02 1.765255399347112730e+00
1.187345443213824581e+02 1.790010320219251660e+00
1.215058337803214812e+02 1.815047457219755689e+00
1.243418057232765364e+02 1.840361678781907928e+00
1.272439698531497783e+02 1.865950609848767261e+00
1.302138711096291672e+02 1.891805906011658545e+00
1.332530904916229986e+02 1.917922813721133268e+00
1.363632458988895735e+02 1.944292701848902238e+00
1.395459929933106764e+02 1.970905212961772346e+00
1.428030260802679834e+02 1.997754207149980310e+00
1.461360790105899810e+02 2.024827368291988172e+00
1.495469261035517547e+02 2.052111018446974633e+00
1.530373830914164444e+02 2.079596460381603062e+00
1.566093080860237308e+02 2.107267125044698819e+00
1.602646025679377431e+02 2.135104681021036122e+00
1.640052123986826018e+02 2.163097677347542103e+00
1.678331288566031390e+02 2.191225179664585188e+00
1.717503896969034258e+02 2.219468143228772838e+00
1.757590802364263993e+02 2.247805115974179646e+00
1.798613344637523710e+02 2.276214508442297113e+00
1.840593361752083013e+02 2.304672784489184778e+00
1.883553201373903789e+02 2.333153022966305112e+00
1.927515732768217731e+02 2.361627893452518556e+00
1.972504358973755814e+02 2.390068697991570623e+00
2.018543029261141726e+02 2.418449656096895772e+00
2.065656251882057006e+02 2.446730833204465938e+00
2.113869107115976647e+02 2.474883270618617459e+00
2.163207260621418868e+02 2.502875400041777443e+00
2.213696977098823879e+02 2.530663416048358982e+00
2.265365134272307444e+02 2.558211379208150227e+00
2.318239237197771558e+02 2.585482220610392901e+00
2.372347432904956008e+02 2.612433295578798553e+00
2.427718525381255290e+02 2.639018433759535487e+00
2.484381990905234829e+02 2.665199681136596332e+00
2.542367993738057805e+02 2.690925514226877979e+00
2.601707402181141333e+02 2.716153115273425289e+00
2.662431805008615129e+02 2.740834579520794012e+00
2.724573528283293626e+02 2.764916774801406074e+00
2.788165652565154460e+02 2.788359371938760933e+00
2.853242030521473680e+02 2.811100917433086099e+00
2.919837304947957364e+02 2.833099811209129459e+00
2.987986927210515660e+02 2.854303753425887713e+00
3.057727176117459180e+02 2.874654402531947373e+00
3.129095177232191531e+02 2.894107681523257813e+00
3.202128922636635480e+02 2.912610587393834383e+00
3.276867291155969610e+02 2.930111445803706083e+00
3.353350069055398421e+02 2.946561974760611324e+00
3.431617971220009622e+02 2.961912293788737660e+00
3.511712662828937823e+02 2.976114505585478742e+00
3.593676781535438636e+02 2.989123486002000174e+00
3.677553960164653972e+02 3.000892372565522770e+00
3.763388849941111403e+02 3.011381058403105104e+00
3.851227144258397175e+02 3.020543453420274638e+00
3.941115603003596561e+02 3.028356853590470799e+00
4.033102077449493095e+02 3.034769424079491795e+00
4.127235535727717206e+02 3.039751246371265925e+00
4.223566088896488964e+02 3.043278758675724394e+00
4.322145017616753080e+02 3.045321526048636152e+00
4.423024799450977298e+02 3.045859867045018543e+00
4.526259136799059206e+02 3.044869581694840566e+00
4.631902985486304374e+02 3.042337754826279994e+00
4.740012584018655843e+02 3.038247560743806641e+00
4.850645483520705739e+02 3.032593026147009763e+00
4.963860578372510304e+02 3.025365547589529580e+00
5.079718137561447975e+02 3.016562462401993105e+00
5.198279836765865412e+02 3.006189086363735719e+00
5.319608791187516772e+02 2.994247664279846344e+00
5.443769589150359707e+02 2.980743263780709196e+00
5.570828326483532464e+02 2.965688839141609190e+00
5.700852641706869690e+02 2.949091917277677943e+00
5.833911752037591896e+02 2.930967403232507262e+00
5.970076490237458984e+02 2.911337521605228407e+00
6.109419342319936277e+02 2.890213736168969483e+00
6.252014486137406948e+02 2.867614702779660796e+00
6.397937830869075242e+02 2.843561771794167914e+00
6.547267057430489103e+02 2.818089444701504576e+00
6.700081659826265650e+02 2.791205492063612237e+00
6.856462987467941730e+02 2.762937090310664701e+00
7.016494288479584611e+02 2.733314942549253779e+00
7.180260754014136637e+02 2.702346799517501008e+00
7.347849563604148670e+02 2.670062805939266148e+00
7.519349931570934586e+02 2.636468437431538359e+00
7.694853154517003304e+02 2.601625358374598296e+00
7.874452659926959086e+02 2.565525614553367362e+00
8.058244055902695209e+02 2.528175594505859269e+00
8.246325182059504186e+02 2.489618538509516643e+00
8.438796161610048330e+02 2.449849498438055662e+00
8.635759454664042778e+02 2.408901169499458206e+00
8.837319912771882855e+02 2.366763444508359626e+00
9.043584834741403711e+02 2.323477868487398457e+00
9.254664023757377436e+02 2.279010284895407246e+00
9.470669845834232774e+02 2.233426880798950354e+00
9.691717289632991879e+02 2.186682875115181446e+00
9.917924027674423542e+02 2.138799641126424067e+00
1.014941047898093188e+03 2.089788984013861484e+00
1.038629987318042367e+03 2.039638686500522269e+00
1.062871831610648314e+03 1.988367915322335922e+00
1.087679485692959133e+03 1.935953980425647813e+00
1.113066155685529111e+03 1.882407339353244113e+00
1.139045355942565038e+03 1.827730284091455326e+00
1.165630916246169136e+03 1.771922243937338770e+00
1.192836989168491982e+03 1.715010277149628504e+00
1.220678057605724234e+03 1.656965845752822464e+00
1.249168942487923687e+03 1.597812754814499137e+00
1.278324810668799728e+03 1.537563211841585176e+00
1.308161182999650464e+03 1.476257994946788443e+00
1.338693942591732139e+03 1.413934684992872448e+00
1.369939343271489406e+03 1.350640187583886931e+00
1.401914018233123670e+03 1.286451050251617323e+00
1.434634988893122454e+03 1.221502376004055535e+00
1.468119673951442337e+03 1.155934476862217730e+00
1.502385898664193746e+03 1.090045773864923184e+00
1.537451904332745698e+03 1.024258270701897455e+00
1.573336358014316374e+03 9.591451362687369864e-01
1.610058362459196132e+03 8.956516680003639985e-01
1.647637466279920318e+03 8.349617209369167847e-01
1.686093674357793361e+03 7.785785548507151432e-01
1.725447458492290025e+03 7.282148879490787374e-01
1.765719768299029965e+03 6.851921389273392116e-01
1.806932042362104994e+03 6.503039360854456774e-01
1.849106219646714180e+03 6.232518552723252947e-01
1.892264751178153801e+03 6.026128273681072844e-01
1.936430611993417187e+03 5.862208418934033993e-01
1.981627313371733180e+03 5.716005222442074318e-01
2.027878915350583384e+03 5.566422654896692190e-01
2.075210039533823419e+03 5.397804881627652485e-01
2.123645882198767140e+03 5.201120317757549349e-01
2.173212227709193485e+03 4.973203392932616373e-01
2.223935462241398000e+03 4.715474640975171328e-01
2.275842587830630237e+03 4.432035122735551447e-01
2.328961236745371025e+03 4.128522478364246573e-01
2.383319686197117335e+03 3.811127268660303158e-01
2.438946873393476380e+03 3.485945051132055550e-01
2.495872410942622992e+03 3.159100833828533683e-01
2.554126602617286608e+03 2.836533647552538784e-01
2.613740459486692544e+03 2.523711168172423913e-01
2.674745716424992679e+03 2.225130051543167120e-01
2.737174849005035412e+03 1.944631299094822796e-01
2.801061090786439308e+03 1.684926180803418549e-01
2.866438451007147705e+03 1.447456428798600814e-01
2.933341732687937110e+03 1.232991421762641426e-01
3.001806551159470018e+03 1.042045473406977979e-01
3.071869353021793813e+03 8.738526759630729779e-02
3.143567435546325669e+03 7.274645550557015672e-02
3.216938966530710331e+03 6.011426674391423530e-02
3.292023004617099559e+03 4.931365221918865976e-02
3.368859520084630276e+03 4.015116596471223626e-02
3.447489416127239565e+03 3.243300636209846266e-02
3.527954550628086963e+03 2.596222294836531691e-02
3.610297758442216491e+03 2.057824232561764402e-02
3.694562874199268208e+03 1.613080322460219013e-02
3.780794755638442894e+03 1.249153090985609393e-02
3.869039307488088525e+03 9.545554101292657787e-03
3.959343505902665129e+03 7.188545652867159817e-03
4.051755423470034202e+03 5.325453463279688875e-03
4.146324254802458199e+03 3.867017681513959353e-03
4.243100342724900656e+03 2.812376021092685436e-03
4.342135205074529949e+03 1.903585945618350723e-03
4.443481562125769415e+03 1.193992387386659266e-03
4.547193364655430742e+03 6.166808686662142479e-04
4.653325822662915925e+03 2.280561856740282911e-07
4.761935434760716817e+03 2.280561856740282911e-07
4.873080018250931971e+03 2.280561856740282911e-07
4.986818739903756068e+03 2.280561856740282911e-07
5.103212147454367368e+03 2.280561856740282911e-07
5.222322201834918815e+03 2.280561856740282911e-07
5.344212310158864966e+03 2.280561856740282911e-07
5.468947359475159828e+03 2.280561856740282911e-07
5.596593751310231710e+03 2.280561856740282911e-07
5.727219437016231495e+03 2.280561856740282911e-07
5.860893953944282657e+03 2.280561856740282911e-07
5.997688462462055213e+03 2.280561856740282911e-07
6.137675783835284165e+03 2.280561856740282911e-07
6.280930438993504140e+03 2.280561856740282911e-07
6.427528688200551187e+03 2.280561856740282911e-07
6.577548571651020211e+03 2.280561856740282911e-07
6.731069951014188518e+03 2.280561856740282911e-07
6.888174551947639884e+03 2.280561856740282911e-07
7.048946007603168255e+03 2.280561856740282911e-07
7.213469903148055892e+03 2.280561856740282911e-07
7.381833821325556528e+03 2.280561856740282911e-07
7.554127389078728811e+03 2.280561856740282911e-07
7.730442325262523809e+03 2.280561856740282911e-07
7.910872489469403263e+03 2.280561856740282911e-07
8.095513931994644736e+03 2.280561856740282911e-07
8.284464944967787233e+03 2.280561856740282911e-07
8.477826114677556689e+03 2.280561856740282911e-07
8.675700375117978183e+03 2.280561856740282911e-07
8.878193062784332142e+03 2.280561856740282911e-07
9.085411972748086555e+03 2.280561856740282911e-07
9.297467416040513854e+03 2.280561856740282911e-07
9.514472278375778842e+03 2.280561856740282911e-07
9.736542080244556928e+03 2.280561856740282911e-07
9.963795038410320558e+03 2.280561856740282911e-07
1.019635212884085013e+04 2.280561856740282911e-07
1.043433715110869889e+04 2.280561856740282911e-07
1.067787679429469972e+04 2.280561856740282911e-07
1.092710070442975120e+04 2.280561856740282911e-07
1.118214155351058616e+04 2.280561856740282911e-07
1.144313511012649178e+04 2.280561856740282911e-07
1.171022031173447613e+04 2.280561856740282911e-07
1.198353933862123813e+04 2.280561856740282911e-07
1.226323768959154950e+04 2.280561856740282911e-07
1.254946425942315000e+04 2.280561856740282911e-07
1.284237141812951631e+04 2.280561856740282911e-07
1.314211509207254130e+04 2.280561856740282911e-07
1.344885484696849926e+04 2.280561856740282911e-07
1.376275397283132588e+04 2.280561856740282911e-07
1.408397957089857664e+04 2.280561856740282911e-07
1.441270264258610405e+04 2.280561856740282911e-07
1.474909818051909315e+04 2.280561856740282911e-07
1.509334526168777302e+04 2.280561856740282911e-07
1.544562714277728446e+04 2.280561856740282911e-07
1.580613135772269561e+04 2.280561856740282911e-07
1.617504981754089749e+04 2.280561856740282911e-07
1.655257891249268869e+04 2.280561856740282911e-07
1.693891961662916947e+04 2.280561856740282911e-07
1.733427759477846485e+04 2.280561856740282911e-07
1.773886331202940710e+04 2.280561856740282911e-07
1.815289214577071471e+04 2.280561856740282911e-07
1.857658450034499765e+04 2.280561856740282911e-07
1.901016592437900545e+04 2.280561856740282911e-07
1.945386723085233825e+04 2.280561856740282911e-07
1.990792461996846760e+04 2.280561856740282911e-07
2.037257980489372858e+04 2.280561856740282911e-07
2.084808014043111689e+04 2.280561856740282911e-07
2.133467875469714272e+04 2.280561856740282911e-07
2.183263468387229659e+04 2.280561856740282911e-07
2.234221301009648232e+04 2.280561856740282911e-07
2.286368500258300628e+04 2.280561856740282911e-07
2.339732826202611614e+04 2.280561856740282911e-07
2.394342686837931251e+04 2.280561856740282911e-07
2.450227153208235541e+04 2.280561856740282911e-07
2.507415974881839429e+04 2.280561856740282911e-07
2.565939595788294901e+04 2.280561856740282911e-07
2.625829170424930635e+04 2.280561856740282911e-07
2.687116580441652695e+04 2.280561856740282911e-07
2.749834451612841076e+04 2.280561856740282911e-07
2.814016171205367209e+04 2.280561856740282911e-07
2.879695905752013277e+04 2.280561856740282911e-07
2.946908619239668769e+04 2.280561856740282911e-07
3.015690091722102079e+04 2.280561856740282911e-07
3.086076938367128969e+04 2.280561856740282911e-07
3.158106628948351499e+04 2.280561856740282911e-07
3.231817507791838216e+04 2.280561856740282911e-07
3.307248814188357210e+04 2.280561856740282911e-07
3.384440703282070899e+04 2.280561856740282911e-07
3.463434267446705780e+04 2.280561856740282911e-07
3.544271558160716813e+04 2.280561856740282911e-07
3.626995608392990835e+04 2.280561856740282911e-07
3.711650455511037580e+04 2.280561856740282911e-07
3.798281164723871188e+04 2.280561856740282911e-07
3.886933853072036436e+04 2.280561856740282911e-07
3.977655713977615233e+04 2.280561856740282911e-07
4.070495042367151473e+04 2.280561856740282911e-07
4.165501260381028987e+04 2.280561856740282911e-07
4.262724943682875164e+04 2.280561856740282911e-07
4.362217848383040109e+04 2.280561856740282911e-07
4.464032938590468984e+04 2.280561856740282911e-07
4.568224414607651124e+04 2.280561856740282911e-07
4.674847741783624951e+04 2.280561856740282911e-07
4.783959680040474632e+04 2.280561856740282911e-07
4.895618314088880288e+04 2.280561856740282911e-07
5.009883084349004639e+04 2.280561856740282911e-07
5.126814818593030213e+04 2.280561856740282911e-07
5.246475764326247008e+04 2.280561856740282911e-07
5.368929621923930245e+04 2.280561856740282911e-07
5.494241578541617491e+04 2.280561856740282911e-07
5.622478342816922668e+04 2.280561856740282911e-07
5.753708180381183047e+04 2.280561856740282911e-07
5.888000950200067746e+04 2.280561856740282911e-07
6.025428141762328596e+04 2.280561856740282911e-07
6.166062913136553834e+04 2.280561856740282911e-07
6.309980129916177248e+04 2.280561856740282911e-07
6.457256405073453789e+04 2.280561856740282911e-07
6.607970139743709296e+04 2.280561856740282911e-07
6.762201564961363329e+04 2.280561856740282911e-07
6.920032784370217996e+04 2.280561856740282911e-07
7.081547817930539895e+04 2.280561856740282911e-07
7.246832646646299690e+04 2.280561856740282911e-07
7.415975258336344268e+04 2.280561856740282911e-07
7.589065694473884651e+04 2.280561856740282911e-07
7.766196098119202361e+04 2.280561856740282911e-07
7.947460762971208896e+04 2.280561856740282911e-07
8.132956183563708328e+04 2.280561856740282911e-07
8.322781106633413583e+04 2.280561856740282911e-07
8.517036583686829545e+04 2.280561856740282911e-07
8.715826024794059049e+04 2.280561856740282911e-07
8.919255253638191789e+04 2.280561856740282911e-07
9.127432563849508006e+04 2.280561856740282911e-07
9.340468776654661633e+04 2.280561856740282911e-07
9.558477299871189462e+04 2.280561856740282911e-07
9.781574188279180089e+04 2.280561856740282911e-07
1.000987820540190733e+05 2.280561856740282911e-07
1.024351088672848273e+05 2.280561856740282911e-07
1.048259660441212327e+05 2.280561856740282911e-07
1.072726263347846834e+05 2.280561856740282911e-07
1.097763921957933198e+05 2.280561856740282911e-07
1.123385964832760801e+05 2.280561856740282911e-07
1.149606031625070173e+05 2.280561856740282911e-07
1.176438080339991138e+05 2.280561856740282911e-07
1.203896394765454897e+05 2.280561856740282911e-07
1.231995592076033790e+05 2.280561856740282911e-07
1.260750630614256370e+05 2.280561856740282911e-07
1.290176817853537214e+05 2.280561856740282911e-07
1.320289818546976603e+05 2.280561856740282911e-07
1.351105663066327979e+05 2.280561856740282911e-07
1.382640755935625639e+05 2.280561856740282911e-07
1.414911884563975618e+05 2.280561856740282911e-07
1.447936228182175255e+05 2.280561856740282911e-07
1.481731366987913498e+05 2.280561856740282911e-07
1.516315291504420456e+05 2.280561856740282911e-07
1.551706412157565646e+05 2.280561856740282911e-07
1.587923569076455024e+05 2.280561856740282911e-07
1.624986042122809449e+05 2.280561856740282911e-07
1.662913561154412746e+05 2.280561856740282911e-07
1.701726316528116295e+05 2.280561856740282911e-07
1.741444969847984321e+05 2.280561856740282911e-07
1.782090664964300813e+05 2.280561856740282911e-07
1.823685039229312388e+05 2.280561856740282911e-07
1.866250235015648068e+05 2.280561856740282911e-07
1.909808911503615673e+05 2.280561856740282911e-07
1.954384256743599253e+05 2.280561856740282911e-07
2.000000000000000000e+05 2.280561856740282911e-07
