1.166267192140032272e+00 7.148728983193950448e-01
1.181995505321303597e+00 7.315467065392367019e-01
1.198060764424165647e+00 7.482004602525678116e-01
1.214955467980844084e+00 7.641266306062837188e-01
1.250561913979711726e+00 7.539005243600601647e-01
1.245529688109450639e+00 8.020884880102316927e-01
1.260333588259762161e+00 8.224882023910364826e-01
1.275538383699499123e+00 8.427938076692574887e-01
1.290763852336203499e+00 8.635606080720085176e-01
1.305993772080699555e+00 8.848172614878491160e-01
1.321304753929244180e+00 9.064586886755493511e-01
1.336728944163514843e+00 9.284442339915819353e-01
1.352516041117390877e+00 9.504195974030439364e-01
1.368570606405561829e+00 9.725285986946753392e-01
1.385042091844298939e+00 9.945622027886895644e-01
1.402229114360274309e+00 1.016097897782233028e+00
1.420240777977096691e+00 1.036988883789074833e+00
1.439332595951238858e+00 1.056882656452612368e+00
1.460118580647894682e+00 1.074925889356437292e+00
1.510019411953607893e+00 1.053185681010829100e+00
1.504947342292167978e+00 1.108188757079605624e+00
1.534448174880316040e+00 1.115916924648040709e+00
1.559145907976264622e+00 1.131003280110693954e+00
1.585420310923999265e+00 1.144600978671596270e+00
1.615877104456076685e+00 1.153290528773738721e+00
1.648067338658079306e+00 1.160508827120777076e+00
1.681606149572994369e+00 1.166839534843272075e+00
1.715667261002717936e+00 1.173391748328678652e+00
1.750175292473691968e+00 1.180266437276247471e+00
1.784802952372502638e+00 1.187866821288592112e+00
1.818877547365419955e+00 1.196988259563290580e+00
1.852640693866691723e+00 1.207293268843895984e+00
1.885948628867808452e+00 1.218918848975327540e+00
1.919195772229867814e+00 1.231372313130824292e+00
1.972583073763946704e+00 1.221652123778045995e+00
1.981235240764912975e+00 1.263577425923563036e+00
2.012543921265668168e+00 1.280373951579489411e+00
2.041014111436836309e+00 1.301046903493638274e+00
2.067338114965785678e+00 1.324770077048319283e+00
2.094774386236707642e+00 1.347871390470749553e+00
2.121830808863470086e+00 1.372033661584294739e+00
2.148513676780607895e+00 1.397251043456279929e+00
2.175218619238738160e+00 1.423085657651915081e+00
2.203950399215168776e+00 1.447315173110118591e+00
2.232546731076205937e+00 1.472357110425005722e+00
2.253881331063589677e+00 1.506113598044398039e+00
2.280199630486553275e+00 1.535005864633704808e+00
2.307201242580375400e+00 1.563813337483689780e+00
2.335698038934203691e+00 1.591643276608455837e+00
2.396053776618438214e+00 1.585326504401441072e+00
2.395349175541655384e+00 1.646446807079293029e+00
2.431212916125558898e+00 1.668265527648504110e+00
2.463631760155313266e+00 1.694612286151023106e+00
2.495644238563405448e+00 1.722133651731954540e+00
2.532120103020786051e+00 1.745540527398469655e+00
2.569869604900417048e+00 1.768350736580836191e+00
2.608373345818092659e+00 1.791145564558306758e+00
2.647541747927515399e+00 1.814034795648630016e+00
2.709233044101833965e+00 1.814141665769968714e+00
2.731742577072929556e+00 1.856094604178251339e+00
2.760884720099170853e+00 1.891905700144303593e+00
2.797035911553789056e+00 1.921153630565389347e+00
2.833102285525508801e+00 1.951278718608139284e+00
2.869294565795102780e+00 1.982066918306863545e+00
2.924636646307861021e+00 1.993923114903972449e+00
2.939819704213238349e+00 2.047978536512671699e+00
2.976305821540949026e+00 2.080882158148220640e+00
3.012862008127664470e+00 2.114536608680280594e+00
3.047887886260270740e+00 2.150603370483324728e+00
3.106783441852346783e+00 2.163018844575056221e+00
3.124882569660355269e+00 2.218096771866203909e+00
3.164237633970268249e+00 2.252248707967471564e+00
3.205559584211937540e+00 2.285254566015031852e+00
3.265712622451253822e+00 2.300007726070915304e+00
3.294866216018991434e+00 2.347150007142212225e+00
3.331183072512668542e+00 2.387930563063390021e+00
3.372421875511538047e+00 2.424610185511806737e+00
3.414857780879607230e+00 2.460990925261206552e+00
3.463825532682186292e+00 2.491701526190870819e+00
3.524506138017255097e+00 2.511679648885939198e+00
3.537716623164643082e+00 2.580223672516794409e+00
3.582391509469790236e+00 2.618096910502752284e+00
3.624844196783645778e+00 2.659181383904601237e+00
3.665732978447583168e+00 2.702819103642107645e+00
3.734249102091048211e+00 2.719718521153096535e+00
3.773146307548490341e+00 2.767296106464102845e+00
3.799763803957147967e+00 2.828219588505497040e+00
3.844564029438317654e+00 2.871920078871025517e+00
3.908767756417577566e+00 2.897208630033121235e+00
3.941490292880006407e+00 2.955060229114327974e+00
3.980157562291612550e+00 3.008051914073887279e+00
4.043843148853639491e+00 3.037005498890905208e+00
4.073157056284611777e+00 3.101498213597541298e+00
4.136842201786503637e+00 3.132613289019796632e+00
4.183049992755168311e+00 3.182353219160488411e+00
4.213822226447217822e+00 3.248714938753209935e+00
4.264045600768556099e+00 3.296670032699740016e+00
4.315060711930329695e+00 3.344971908156249452e+00
4.358112742382961535e+00 3.402460443321527084e+00
4.424276936410261207e+00 3.437840200264469903e+00
4.480145454340027200e+00 3.484787701453468056e+00
4.509440732832902476e+00 3.559648456384139514e+00
4.556088214353330557e+00 3.618298072935571597e+00
4.617834682536726021e+00 3.662896145316612895e+00
4.659353197506328037e+00 3.729209257534035871e+00
4.706734223229378067e+00 3.790871567298184086e+00
4.777903294379640897e+00 3.829663676897282265e+00
4.809319098117199154e+00 3.910103998416021298e+00
4.866811087689980830e+00 3.965349643839490845e+00
4.935592479188235515e+00 4.010430825751964967e+00
4.968802851282202226e+00 4.093105109060317659e+00
5.019839316378758021e+00 4.158989320319526506e+00
5.075876318050816849e+00 4.221117336077246485e+00
5.135586122955725585e+00 4.280858223774445470e+00
5.197082422266966262e+00 4.340168495445986707e+00
5.245991783685598264e+00 4.413859724561050690e+00
5.288779378163808609e+00 4.495398542192267755e+00
5.344338350934219051e+00 4.565199525771036271e+00
5.410234681791321165e+00 4.625726582198878667e+00
5.456672035700705692e+00 4.708038755992970614e+00
5.511422267110129170e+00 4.783238710966761786e+00
5.587020740996092805e+00 4.838140759286194914e+00
5.621107505548601502e+00 4.938175024514637634e+00
5.687926632316791853e+00 5.005386172478692330e+00
5.746465453052495675e+00 5.082948862195881823e+00
5.808526966695315430e+00 5.158415626332343074e+00
5.851047393263547391e+00 5.256355666262058079e+00
5.910341633510615367e+00 5.338149821616647195e+00
5.979170824215752411e+00 5.411419069326295350e+00
6.037708189236981049e+00 5.497451506768876506e+00
6.112842171130354885e+00 5.567378143811607671e+00
6.146939019455486708e+00 5.683382873497332177e+00
6.209084229707382718e+00 5.770920816544383491e+00
6.274644756891560426e+00 5.856558461957696693e+00
6.327076858033790607e+00 5.958445920244817451e+00
6.392040156998113787e+00 6.048487141244488718e+00
6.461509941752380470e+00 6.135451025635989986e+00
6.512991701710740600e+00 6.244275560458587115e+00
6.574986234286290809e+00 6.343459073766634759e+00
6.653072636880859037e+00 6.426655893584425350e+00
6.702422241075788101e+00 6.544037225341117647e+00
6.763257354207454775e+00 6.650674647140047746e+00
6.831049440939165329e+00 6.751544747136445146e+00
6.908145267640024123e+00 6.843940046899525953e+00
6.976792592421776185e+00 6.948038366145736333e+00
7.031326025509830657e+00 7.070465247159363642e+00
7.090022756027777540e+00 7.190458577891869929e+00
7.154457889422376482e+00 7.306138255339497789e+00
7.226612000474805342e+00 7.415136977790670159e+00
7.290500184826303354e+00 7.536083256127086294e+00
7.361220480864899329e+00 7.651395810740678094e+00
7.430373007110550709e+00 7.770925693864678685e+00
7.495533664334257828e+00 7.897613339136514199e+00
7.568143735154780671e+00 8.017927849339661961e+00
7.633453177356773089e+00 8.149452819455101249e+00
7.705544804342289389e+00 8.275404495868901478e+00
7.773451084050686077e+00 8.408976376736523761e+00
7.846504155120857860e+00 8.538939167653669671e+00
7.917061437429731896e+00 8.674584299524129349e+00
7.996986460480134618e+00 8.801442752969482086e+00
8.070266298094397328e+00 8.939133933665850407e+00
8.137565224080729465e+00 9.086998727235007678e+00
8.209094736337338105e+00 9.232487458389865509e+00
8.288559357477508271e+00 9.370924598889098789e+00
8.364770460082578296e+00 9.516289688137606007e+00
8.434747374821364829e+00 9.672459836897889573e+00
8.516339156358878171e+00 9.816922059200109629e+00
8.589403630029549319e+00 9.975231198375279718e+00
8.667504246796729817e+00 1.013019225294090297e+01
8.749239069246195655e+00 1.028356891192641065e+01
8.823470209194077540e+00 1.044978641975410660e+01
8.906479158050586875e+00 1.060782343316687282e+01
8.987968450549615795e+00 1.077105394884796929e+01
9.067186135179024831e+00 1.094055183661120623e+01
9.152309031391705929e+00 1.110559928015025122e+01
9.234218628851214916e+00 1.127826088824732231e+01
9.317188140706644361e+00 1.145294828487468486e+01
9.402049996048843283e+00 1.162858040228247702e+01
9.488140430460298091e+00 1.180607455916700310e+01
9.574583045449335472e+00 1.198665488962200243e+01
9.661677403996760560e+00 1.216996671825459408e+01
9.749517455608772920e+00 1.235592983986287230e+01
9.838280120511210924e+00 1.254434808313823169e+01
9.928902971252302478e+00 1.273396902897626859e+01
1.002021594606529042e+01 1.292644567187269011e+01
1.011249450946395179e+01 1.312144411516103304e+01
1.020642305169034536e+01 1.331805033658559978e+01
1.030142740736957840e+01 1.351710721143040850e+01
1.039745371175721722e+01 1.371873665745345505e+01
1.049454558086373979e+01 1.392292418755059735e+01
1.059304061536861674e+01 1.412923516364341481e+01
1.069315539990332198e+01 1.433740100701850828e+01
1.079477616143926255e+01 1.454762473502053766e+01
1.089729778006238980e+01 1.476082375312681449e+01
1.100212170643399112e+01 1.497501690366170735e+01
1.110809893353924060e+01 1.519190966337975368e+01
1.121535589462787108e+01 1.541136829758316296e+01
1.132409447972275096e+01 1.563314629480218976e+01
1.143578952401619908e+01 1.585511725028043983e+01
1.154918489149918592e+01 1.607916513160702721e+01
1.166311090829501396e+01 1.630707223083609492e+01
1.177957899519698870e+01 1.653590898897412842e+01
1.189905157034067251e+01 1.676502181388105583e+01
1.201926789728491229e+01 1.699782881210323637e+01
1.214203385246209699e+01 1.723168180880950473e+01
1.226634624620843006e+01 1.746813296153726114e+01
1.239328215534173339e+01 1.770561170269626672e+01
1.252190199631214362e+01 1.794558377476234767e+01
1.265276409527766788e+01 1.818725827099978432e+01
1.278611136495260148e+01 1.843031716206582971e+01
1.292141062096479764e+01 1.867562264148701701e+01
1.305884277841126462e+01 1.892295524441304622e+01
1.319849282812604940e+01 1.917224117692408569e+01
1.334040830368095598e+01 1.942346430679722857e+01
1.348420366876369947e+01 1.967727335670529598e+01
1.363043439015767611e+01 1.993287674369171469e+01
1.377884070506989289e+01 2.019073271435389927e+01
1.392831130773118176e+01 2.045261447130331689e+01
1.408002542719637518e+01 2.071677311186728332e+01
1.423345096941551979e+01 2.098409355507608254e+01
1.438762391374837968e+01 2.125613445161558346e+01
1.454318806728775115e+01 2.153197356724475497e+01
1.469973811424971544e+01 2.181231164114895904e+01
1.485670579657862689e+01 2.209810814191583361e+01
1.501373944254223680e+01 2.238999338751218460e+01
1.517141222237691700e+01 2.268716062065060868e+01
1.532905854056749817e+01 2.299073596354409332e+01
1.548557274336495304e+01 2.330254865163832534e+01
1.564162239978229429e+01 2.362166037400314522e+01
1.579610842540738247e+01 2.394991485791827301e+01
1.594837371063347931e+01 2.428848489899911911e+01
1.610032247271170291e+01 2.463448988505002291e+01
1.624927484098916253e+01 2.499233584407378217e+01
1.639575087913894791e+01 2.536137283054241109e+01
1.653928989535026517e+01 2.574253143536974875e+01
1.668026214195671386e+01 2.613541968512550540e+01
1.681846797526970150e+01 2.654057618266521601e+01
1.695312865461421481e+01 2.695951520564048920e+01
1.708552157010412742e+01 2.739038576386371204e+01
1.721517890215528368e+01 2.783420850044754147e+01
1.734305836079921193e+01 2.828963295795172428e+01
1.746825100137415987e+01 2.875844482860325613e+01
1.759213558813076617e+01 2.923856179676447198e+01
1.771463188933922339e+01 2.973035682116801226e+01
1.783699533834281681e+01 3.023187633798586660e+01
1.795964422239067204e+01 3.074257001483077900e+01
1.808371497268752393e+01 3.126058230208093391e+01
1.820947756202277645e+01 3.178554516406608954e+01
1.833793101574701723e+01 3.231575049046536208e+01
1.847009370274322393e+01 3.284939235694750437e+01
1.860594357898015261e+01 3.338652709931395890e+01
1.874642075052108936e+01 3.392542466939187307e+01
1.889193230399664003e+01 3.446530631177862602e+01
1.904291115667289347e+01 3.500532991545961181e+01
1.919861682864108587e+01 3.554687392902265231e+01
1.935940990192137079e+01 3.608925421999311567e+01
1.952432777033293476e+01 3.663432805491592603e+01
1.969227907327763916e+01 3.718425436482193902e+01
1.986247353738923493e+01 3.774065906258939407e+01
2.003214512997889685e+01 3.830908351968022174e+01
2.020004250818072933e+01 3.889221335865615714e+01
2.036462305134023509e+01 3.949338483344428141e+01
2.052576950875962325e+01 4.011317803704601204e+01
2.068378117121260118e+01 4.075135766125379888e+01
2.083979123277901380e+01 4.140599060738966131e+01
2.099460110741256358e+01 4.207576404272994353e+01
2.114833213828196179e+01 4.276072762260486826e+01
2.130116763418842396e+01 4.346080143810419827e+01
2.145347378483916856e+01 4.417551510227670519e+01
2.160471627781474169e+01 4.490629147886034644e+01
2.175317955655214419e+01 4.565713558146900652e+01
2.189979984948970682e+01 4.642646026247786750e+01
2.204381794029347574e+01 4.721632234894505586e+01
2.218502795078730472e+01 4.802763648104213701e+01
2.232221060069140961e+01 4.886361680733595847e+01
2.245603105881806982e+01 4.972336037294902411e+01
2.258644262666704705e+01 5.060754774503304532e+01
2.271452184272290609e+01 5.151429008401704124e+01
2.284194346851461788e+01 5.244020132473882256e+01
2.297099407031266338e+01 5.338027360349760642e+01
2.310387370087662262e+01 5.432945804756094788e+01
2.324233937420007834e+01 5.528354194207152261e+01
2.338785749529286662e+01 5.623884468088464672e+01
2.354123012261122128e+01 5.719319279988135918e+01
2.370349901616564026e+01 5.814375836567533185e+01
2.387550261198972734e+01 5.908815865399549239e+01
2.405837641563686446e+01 6.002322320458958416e+01
2.425343387162789455e+01 6.094528604140100470e+01
2.446222748027672722e+01 6.185003708563964864e+01
2.468628066576328450e+01 6.273322815681719078e+01
2.492857921926320230e+01 6.358684822338558007e+01
2.519078427490063987e+01 6.440635846425702482e+01
2.547548716769045996e+01 6.518494332450680417e+01
2.578554332458061538e+01 6.591530353938560438e+01
2.612412884168387350e+01 6.658961338001185482e+01
2.649475259997830889e+01 6.719961936023453575e+01
2.690133350462528128e+01 6.773660070898671393e+01
2.734819771292036705e+01 6.819157053936952195e+01
2.784017965421316632e+01 6.855524842313182887e+01
2.838272889293530810e+01 6.881806861654435181e+01
2.898167305634659385e+01 6.897107832277147565e+01
2.964392072937298650e+01 6.900457390501587440e+01
3.037688404015934296e+01 6.890993149235551130e+01
3.118902597976123303e+01 6.867874627182668235e+01
3.208943063490316661e+01 6.830429796477780258e+01
3.308844031800887109e+01 6.778059424855904069e+01
3.419727409398313256e+01 6.710370997246070601e+01
3.542789446822246191e+01 6.627240559934682551e+01
3.679321540715458383e+01 6.528795136288125889e+01
3.830637751164621818e+01 6.415553213518577991e+01
3.998113337007566059e+01 6.288329662832800437e+01
4.183138830426691612e+01 6.148275673939523500e+01
4.387059959281076971e+01 5.996898016555289246e+01
4.611193712455559535e+01 5.835935507570405179e+01
4.856856374387968600e+01 5.667230642350241965e+01
5.125267415987788411e+01 5.492758813063223045e+01
5.417701625285937439e+01 5.314365602928751287e+01
5.735344359703019990e+01 5.133873265309749456e+01
6.079505569571082191e+01 4.952827599002460346e+01
6.451529470707659186e+01 4.772592537659929945e+01
6.852781610965097059e+01 4.594355006707502298e+01
7.284906549371308415e+01 4.418963945942728344e+01
7.749627453492625762e+01 4.247124478308105466e+01
8.248749397992861532e+01 4.079408598552048204e+01
8.784514582931504378e+01 3.916106430607988642e+01
9.359041696017314393e+01 3.757550672072075315e+01
9.974810254208559002e+01 3.603892886223538028e+01
1.063493081645977725e+02 3.455072262235005098e+01
1.134208843331514203e+02 3.311223012618690831e+01
1.209982391731179234e+02 3.172232334090287509e+01
1.291170129186774602e+02 3.038049225179934609e+01
1.378162698311924999e+02 2.908588361795875699e+01
1.471392544010867596e+02 2.783731034247758984e+01
1.571305405493426690e+02 2.663393538833399532e+01
1.678372946974145634e+02 2.547493556266323012e+01
1.793161238216590334e+02 2.435853033036725535e+01
1.916240561401232014e+02 2.328362031570930313e+01
2.048192867195918438e+02 2.224944838461453855e+01
2.189721309309583717e+02 2.125433893132002083e+01
2.341478047039667842e+02 2.029773860664034046e+01
2.504244762923049450e+02 1.937824825676266727e+01
2.678856687833871888e+02 1.849459344186753640e+01
2.866215108824953859e+02 1.764553813042246588e+01
3.067199211681381144e+02 1.683042763784875007e+01
3.282896713811546761e+02 1.604773021875674388e+01
3.514353514119939064e+02 1.529665147232758038e+01
3.762846794731819955e+02 1.457569115529719994e+01
4.029607039928777112e+02 1.388405296851988702e+01
4.316138697689851824e+02 1.322029321513783273e+01
4.623905028746897869e+02 1.258360606445169338e+01
4.954644598872641836e+02 1.197273408805758343e+01
5.310312576104472555e+02 1.138636799130977550e+01
5.693007264443375561e+02 1.082339954676363369e+01
6.105077343015625502e+02 1.028269826069918480e+01
6.549263389724791296e+02 9.762960027935866592e+00
7.028633516918166606e+02 9.262976275238965940e+00
7.546843070077749189e+02 8.781353279483930407e+00
8.107990988776842869e+02 8.316891693065795010e+00
8.717041119824355064e+02 7.868195318801350702e+00
9.380034365273766070e+02 7.433735081778152676e+00
1.010396957180530649e+03 7.012211314041195465e+00
1.089788563527484484e+03 6.601901159755429127e+00
1.177269999150081048e+03 6.201258947223697859e+00
1.274225640658303291e+03 5.808606025723866750e+00
1.382422935479784428e+03 5.422197458481156751e+00
1.504136262408337188e+03 5.040285178818202816e+00
1.642220463176270414e+03 4.661522082155759250e+00
1.800420215253949436e+03 4.284584230817338302e+00
1.983233999902612140e+03 3.909426764931760001e+00
2.196084906112642784e+03 3.537071863968839214e+00
2.445358326525295979e+03 3.169676083148616375e+00
2.738005714346671994e+03 2.810925994943909156e+00
3.081525393494683158e+03 2.465126984459205861e+00
3.483103024304486553e+03 2.137174131279593325e+00
3.949250171768989276e+03 1.831459408027768854e+00
4.485454094095232904e+03 1.551165360312243502e+00
5.094943058321241551e+03 1.298400625421893384e+00
5.780355167893335420e+03 1.073149311859442179e+00
6.543680453106634559e+03 8.740581508330735883e-01
7.388703103969227413e+03 6.984664402987786902e-01
8.319955159011245996e+03 5.435625760819265961e-01
9.341235801834101949e+03 4.068925537124497005e-01
1.044288037627663834e+04 2.878491721039541651e-01
1.157573880812339848e+04 1.889309357233565634e-01
1.263847635255379464e+04 1.143732185765173187e-01
1.353880372537289259e+04 6.454772038503293896e-02
1.426070359430015378e+04 3.424757993105938259e-02
1.483736220838747613e+04 1.725259852156146509e-02
1.531922036280961220e+04 8.251515219047819011e-03
1.574772590443534136e+04 3.708818253618677285e-03
1.614837091020354455e+04 1.652111379265849573e-03
1.653727319556486691e+04 9.255284560412200927e-04
1.692703161249000914e+04 7.023088519777588622e-04
1.732472795524102548e+04 5.512144007174178640e-04
1.773171413785631739e+04 4.031857336243996966e-04
1.814800475337844910e+04 2.693074229746056326e-04
1.857352781697241517e+04 1.645720405248609828e-04
1.900837784842361361e+04 9.406778261936049102e-05
1.945285154892205537e+04 5.221249582505774293e-05
1.990731033249854590e+04 3.085738151773457252e-05
2.037216209627633725e+04 2.050389229274735993e-05
2.084777150370963864e+04 1.480430277276453296e-05
2.133432749785214401e+04 1.646439734435905554e-05
2.183239503790914750e+04 1.097662270843333514e-05
2.234206353841363307e+04 6.690146708871029535e-06
2.286361465531063004e+04 3.076821991459992851e-06
2.339732292612189485e+04 2.280561856740282911e-07
2.394342140793395447e+04 2.280561856740282911e-07
2.450226594418904278e+04 2.280561856740282911e-07
2.507415403050246459e+04 2.280561856740282911e-07
2.565939010610031255e+04 2.280561856740282911e-07
2.625828571588482373e+04 2.280561856740282911e-07
2.687115967628234648e+04 2.280561856740282911e-07
2.749833824496227680e+04 2.280561856740282911e-07
2.814015529451718976e+04 2.280561856740282911e-07
2.879695249019698895e+04 2.280561856740282911e-07
2.946907947179082839e+04 2.280561856740282911e-07
3.015689403975479217e+04 2.280561856740282911e-07
3.086076234568354266e+04 2.280561856740282911e-07
3.158105908722763706e+04 2.280561856740282911e-07
3.231816770756032565e+04 2.280561856740282911e-07
3.307248059949979506e+04 2.280561856740282911e-07
3.384439931439609063e+04 2.280561856740282911e-07
3.463433477589277754e+04 2.280561856740282911e-07
3.544270749867848644e+04 2.280561856740282911e-07
3.626994781234395487e+04 2.280561856740282911e-07
3.711649609046385012e+04 2.280561856740282911e-07
3.798280298502554069e+04 2.280561856740282911e-07
3.886932966632930038e+04 2.280561856740282911e-07
3.977654806848832231e+04 2.280561856740282911e-07
4.070494114065790200e+04 2.280561856740282911e-07
4.165500310412916588e+04 2.280561856740282911e-07
4.262723971542305662e+04 2.280561856740282911e-07
4.362216853552503017e+04 2.280561856740282911e-07
4.464031920540376450e+04 2.280561856740282911e-07
4.568223372796053445e+04 2.280561856740282911e-07
4.674846675655923173e+04 2.280561856740282911e-07
4.783958589029125869e+04 2.280561856740282911e-07
4.895617197613095777e+04 2.280561856740282911e-07
5.009881941814438323e+04 2.280561856740282911e-07
5.126813649391464423e+04 2.280561856740282911e-07
5.246474567835268681e+04 2.280561856740282911e-07
5.368928397506598412e+04 2.280561856740282911e-07
5.494240325546125678e+04 2.280561856740282911e-07
5.622477060576249642e+04 2.280561856740282911e-07
5.753706868212740665e+04 2.280561856740282911e-07
5.887999607405335701e+04 2.280561856740282911e-07
6.025426767626482615e+04 2.280561856740282911e-07
6.166061506928085873e+04 2.280561856740282911e-07
6.309978690886504774e+04 2.280561856740282911e-07
6.457254932456523966e+04 2.280561856740282911e-07
6.607968632755587169e+04 2.280561856740282911e-07
6.762200022799818544e+04 2.280561856740282911e-07
6.920031206214295526e+04 2.280561856740282911e-07
7.081546202940124203e+04 2.280561856740282911e-07
7.246830993961665081e+04 2.280561856740282911e-07
7.415973567077699408e+04 2.280561856740282911e-07
7.589063963740904001e+04 2.280561856740282911e-07
7.766194326990545960e+04 2.280561856740282911e-07
7.947458950504034874e+04 2.280561856740282911e-07
8.132954328793165041e+04 2.280561856740282911e-07
8.322779208572133211e+04 2.280561856740282911e-07
8.517034641324395488e+04 2.280561856740282911e-07
8.715824037096473330e+04 2.280561856740282911e-07
8.919253219547323533e+04 2.280561856740282911e-07
9.127430482282527373e+04 2.280561856740282911e-07
9.340466646503465017e+04 2.280561856740282911e-07
9.558475120001813048e+04 2.280561856740282911e-07
9.781571957531188673e+04 2.280561856740282911e-07
1.000987592258778459e+05 2.280561856740282911e-07
1.024350855063299387e+05 2.280561856740282911e-07
1.048259421379167034e+05 2.280561856740282911e-07
1.072726018706042669e+05 2.280561856740282911e-07
1.097763671606137505e+05 2.280561856740282911e-07
1.123385708637701027e+05 2.280561856740282911e-07
1.149605769450363296e+05 2.280561856740282911e-07
1.176437812046071049e+05 2.280561856740282911e-07
1.203896120209497749e+05 2.280561856740282911e-07
1.231995311111882329e+05 2.280561856740282911e-07
1.260750343092341936e+05 2.280561856740282911e-07
1.290176523620800290e+05 2.280561856740282911e-07
1.320289517446785176e+05 2.280561856740282911e-07
1.351105354938394157e+05 2.280561856740282911e-07
1.382640440615920525e+05 2.280561856740282911e-07
1.414911561884641706e+05 2.280561856740282911e-07
1.447935897971437080e+05 2.280561856740282911e-07
1.481731029069986835e+05 2.280561856740282911e-07
1.516314945699417731e+05 2.280561856740282911e-07
1.551706058281400765e+05 2.280561856740282911e-07
1.587923206940745295e+05 2.280561856740282911e-07
1.624985671534775465e+05 2.280561856740282911e-07
1.662913181916775357e+05 2.280561856740282911e-07
1.701725928438991832e+05 2.280561856740282911e-07
1.741444572700777499e+05 2.280561856740282911e-07
1.782090258547593839e+05 2.280561856740282911e-07
1.823684623326753208e+05 2.280561856740282911e-07
1.866249809405834822e+05 2.280561856740282911e-07
1.909808475959979114e+05 2.280561856740282911e-07
1.954383811034281971e+05 2.280561856740282911e-07
1.999999543887732725e+05 2.280561856740282911e-07
