1.367285066367366353e+00 3.007114603492823390e-02
1.400117404164609836e+00 3.082548001058455639e-02
1.434174001618374605e+00 3.126685621890959443e-02
1.469881938340917182e+00 3.113079857893064073e-02
1.507430204504563775e+00 3.034414104398677065e-02
1.540238234520999283e+00 3.336780184446461878e-02
1.577137728255893157e+00 3.418089618746463637e-02
1.615768440272135509e+00 3.445193806014230226e-02
1.654186590382544786e+00 3.544789461978298251e-02
1.694070094046937758e+00 3.610716291029096581e-02
1.737023115153850883e+00 3.550872068925684660e-02
1.778005198493172623e+00 3.669174108615023966e-02
1.822032194650683223e+00 3.669242495838399148e-02
1.869259858394730855e+00 3.552264018969278347e-02
1.908220283168490461e+00 3.949900296742456934e-02
1.953110739656741091e+00 4.075623997924514991e-02
1.999748262717736536e+00 4.165492117082228440e-02
2.047372083498244955e+00 4.261922211365681140e-02
2.095815804376992109e+00 4.374089586794854129e-02
2.149492640423296130e+00 4.287715846339711784e-02
2.203916532458980893e+00 4.231090572476928213e-02
2.254890745281094677e+00 4.397530828446223616e-02
2.306157061044940892e+00 4.604448986719681530e-02
2.360451195241770606e+00 4.729087363003964262e-02
2.417615836642365235e+00 4.784816964073719536e-02
2.473740723043291290e+00 4.943315062030401164e-02
2.535859292743786408e+00 4.907638731107434593e-02
2.595427619395615615e+00 5.038049584920390594e-02
2.655627853747262179e+00 5.199012290428736000e-02
2.720438589747300462e+00 5.235739506983187047e-02
2.784858353043384582e+00 5.347050352846413612e-02
2.851958617959693409e+00 5.415768116280479660e-02
2.925012682375981665e+00 5.328124321352745163e-02
2.988760843355256380e+00 5.634126551421608092e-02
3.062736787376514336e+00 5.635293187255815267e-02
3.131417903320579565e+00 5.876845486489615245e-02
3.210764123465134290e+00 5.817361548838020230e-02
3.283867792990338597e+00 6.023704010194970426e-02
3.356377985448015799e+00 6.301912861562100621e-02
3.436614403068985357e+00 6.390890533820565989e-02
3.518691794243437254e+00 6.482276751151680450e-02
3.607772815199732808e+00 6.424760484799338367e-02
3.694301099379068809e+00 6.505707258396808967e-02
3.770823770265070873e+00 6.928196127940199067e-02
3.865326045153404610e+00 6.897032689045382026e-02
3.960363151737750886e+00 6.915354084814467894e-02
4.044594561791942766e+00 7.281145651936349328e-02
4.138298528357067241e+00 7.448383535270575173e-02
4.242180375775912005e+00 7.412760703075248203e-02
4.339108242201478838e+00 7.613766497243476539e-02
4.434506130180106531e+00 7.906191130594089622e-02
4.546213496660210573e+00 7.861163902625209476e-02
4.651712632096129063e+00 8.025269470006188288e-02
4.763016770940957656e+00 8.113376686876543065e-02
4.868159493045848052e+00 8.397695851179411142e-02
4.986921727579195718e+00 8.436528088364297906e-02
5.093837564518604921e+00 8.789347145481035684e-02
5.219921743362216482e+00 8.790450903473553956e-02
5.344092468342652502e+00 8.894040220983275014e-02
5.460092017395914432e+00 9.219810911723019808e-02
5.592065365625903617e+00 9.282959964066758718e-02
5.715221350971369851e+00 9.575873157494511900e-02
5.857232073341147149e+00 9.566772813645767204e-02
5.986318208444612488e+00 9.858789687100576182e-02
6.131211500324050157e+00 9.918708631960822253e-02
6.267122141099238597e+00 1.019783517526379746e-01
6.412891589491681366e+00 1.035973022444704600e-01
6.559886453447097310e+00 1.055834090344592580e-01
6.707923394208134660e+00 1.079573613997541481e-01
6.863786645265999020e+00 1.096107939955779653e-01
7.025763717316539925e+00 1.108724974019698883e-01
7.183003093999197120e+00 1.134609943946420924e-01
7.349834461996106683e+00 1.151333652340289920e-01
7.523232163689862695e+00 1.164086953973761246e-01
7.685996133441666878e+00 1.198267035957060883e-01
7.861399091796253735e+00 1.219524301205101996e-01
8.045080529432549810e+00 1.234847940034758673e-01
8.228063788878186458e+00 1.257015162735949099e-01
8.411760599979135833e+00 1.283849979641912276e-01
8.609371579821976539e+00 1.297856698994082347e-01
8.798093510253689686e+00 1.329278353410496827e-01
9.010435139593583997e+00 1.336222532748122804e-01
9.201671820923230882e+00 1.375505218570261812e-01
9.421230353726457452e+00 1.385526487969978571e-01
9.626380626358011838e+00 1.418814493312429703e-01
9.852442649871262503e+00 1.433085157876105853e-01
1.007150181388968058e+01 1.461367159395660364e-01
1.028425142851074980e+01 1.502209707543519790e-01
1.052788507308043009e+01 1.514262821227818356e-01
1.074565825531347052e+01 1.560258771814844736e-01
1.099981084115997376e+01 1.572805922771949305e-01
1.124428944386278673e+01 1.601527586452029805e-01
1.150308142638538556e+01 1.621342642131170242e-01
1.175349774347232668e+01 1.655386468622612184e-01
1.202677718103297089e+01 1.672606588331642663e-01
1.227748052593292982e+01 1.717397575820272804e-01
1.255716364663796014e+01 1.740110171245591031e-01
1.284073918908597811e+01 1.765137524744667119e-01
1.312757660307453733e+01 1.793040187809107067e-01
1.339932770416151264e+01 1.839970971898694518e-01
1.370106004415696255e+01 1.865957358240094011e-01
1.401629150330892415e+01 1.886312346263934181e-01
1.432132056085234773e+01 1.921214442201718831e-01
1.463990727033885797e+01 1.950567984192011772e-01
1.495483569774953025e+01 1.988601743392046095e-01
1.528654416415669459e+01 2.018884746287201160e-01
1.562078185390524787e+01 2.052968598010748991e-01
1.596348739038500320e+01 2.086270938141935039e-01
1.632139587974967654e+01 2.113959208243324506e-01
1.667369272124343738e+01 2.151640669286940533e-01
1.703138378695964406e+01 2.191021114956640814e-01
1.740130838497925936e+01 2.227324045940885233e-01
1.778344117033803684e+01 2.260857067133508758e-01
1.817577732246332189e+01 2.293256559073287293e-01
1.856460960075295930e+01 2.333814847213615540e-01
1.896307149840521333e+01 2.373651197452450179e-01
1.936911065663248266e+01 2.414241174683519620e-01
1.977699664488768860e+01 2.459276540281083723e-01
2.020898652464183698e+01 2.494875625282768072e-01
2.064128586227672102e+01 2.536116803281339704e-01
2.108846580848777563e+01 2.574134432310891119e-01
2.153740755532328421e+01 2.616908842096066778e-01
2.199412863513642691e+01 2.660852156613960351e-01
2.245894255321896793e+01 2.705849315771309271e-01
2.294135076567322429e+01 2.746687134492116211e-01
2.342505299846330402e+01 2.792606343245709333e-01
2.391544018961158002e+01 2.840577183476468148e-01
2.442110106455699636e+01 2.886084958018473867e-01
2.492902849477066951e+01 2.936124415759306383e-01
2.544851171833234815e+01 2.985852196495327182e-01
2.598470136036414146e+01 3.032820721275695797e-01
2.652464971461582977e+01 3.083676587409425740e-01
2.707705377177692085e+01 3.134131399562632980e-01
2.763238851678962860e+01 3.188871725208251018e-01
2.820277318358604290e+01 3.242121331359342773e-01
2.878400771251036616e+01 3.296012713499917868e-01
2.937500398935007340e+01 3.351130976635168790e-01
2.997843627312385806e+01 3.406342850215837714e-01
3.058866310405537448e+01 3.464248161695510642e-01
3.121546183340445069e+01 3.520605640611618181e-01
3.184428908553661230e+01 3.581810267965388483e-01
3.248994051478131695e+01 3.641546492567468984e-01
3.314306815081467050e+01 3.703866540194797330e-01
3.380679187635216465e+01 3.767502909318114490e-01
3.448893600499991408e+01 3.829377989203766042e-01
3.517832719026618804e+01 3.894104667861261748e-01
3.587793050941817086e+01 3.960522482160410696e-01
3.658885102499038311e+01 4.028253054627363716e-01
3.731644399605577433e+01 4.095335523094643659e-01
3.805538276688819366e+01 4.163900983284548052e-01
3.879715856772182292e+01 4.237127137762579654e-01
3.955810844483070809e+01 4.309026007720191953e-01
4.032952728472752568e+01 4.382876945895275433e-01
4.111084196606010011e+01 4.458919225980447765e-01
4.191264401439693188e+01 4.533507894266782245e-01
4.272109010646222060e+01 4.611556784439103662e-01
4.354027991897051209e+01 4.691661245301968486e-01
4.437539130614232619e+01 4.772133833617793197e-01
4.522850374486636582e+01 4.852395841176802005e-01
4.609220885878880836e+01 4.934975738433541870e-01
4.696985718587570346e+01 5.018830277010244423e-01
4.786086611735025542e+01 5.104213027034095740e-01
4.876860080667827901e+01 5.190136158725124904e-01
4.969551206324661763e+01 5.275945457601981525e-01
5.063627894667018126e+01 5.363380685073977361e-01
5.159102588772488929e+01 5.452463211092928308e-01
5.256300338820611984e+01 5.542290299889551797e-01
5.355050218623839697e+01 5.633454266325985671e-01
5.455527346527760102e+01 5.725521798377621874e-01
5.557960677948265982e+01 5.817929616475405741e-01
5.662021083538898836e+01 5.911712861676866604e-01
5.767852137484629083e+01 6.006545128286329138e-01
5.875833045160560175e+01 6.101471999000663837e-01
5.985386769012859531e+01 6.198176086775292193e-01
6.097159401860986350e+01 6.294989781206026258e-01
6.211092829181542641e+01 6.392188069177657805e-01
6.327143368428961168e+01 6.489997108703746687e-01
6.445769281604800938e+01 6.587342227565395891e-01
6.566364834002777684e+01 6.685908554978189366e-01
6.690177450505161971e+01 6.782650000015949532e-01
6.816022144846948549e+01 6.880701428991383706e-01
6.944947523937362632e+01 6.977581319327252896e-01
7.076443262834401082e+01 7.074699355434930226e-01
7.210794555249913174e+01 7.171501769883485977e-01
7.348319421107781579e+01 7.267389340868219971e-01
7.488228911098903495e+01 7.364364842633821517e-01
7.631839789891499493e+01 7.459511000015780491e-01
7.778277816520183308e+01 7.555013862239542410e-01
7.927919835980965502e+01 7.650161519142291144e-01
8.080561764458903440e+01 7.745559081733021101e-01
8.236403508593284073e+01 7.840907124553865293e-01
8.395359499553265437e+01 7.936535277663293586e-01
8.557109493931501731e+01 8.033252821313657810e-01
8.722748547803105623e+01 8.128885831612989721e-01
8.892214190692850195e+01 8.223754598196399979e-01
9.065749154993540060e+01 8.317549852809381639e-01
9.244008907122159258e+01 8.409162515522601300e-01
9.427151478116795147e+01 8.498529566687491599e-01
9.615295202427967070e+01 8.585676686484240427e-01
9.808351569136821979e+01 8.671030247871289731e-01
1.000701785712573013e+02 8.753526159500377712e-01
1.021046590465128219e+02 8.834988550254045947e-01
1.041933621450144898e+02 8.914469907721573882e-01
1.063466917439602071e+02 8.990375353980490924e-01
1.085606497942085582e+02 9.063753141119538226e-01
1.108512928469803853e+02 9.132132669888783916e-01
1.132258459313950567e+02 9.194724315431913597e-01
1.156911364534373803e+02 9.250883790291234421e-01
1.182544863696048481e+02 9.299961386194389723e-01
1.209325091511838224e+02 9.339903775525776330e-01
1.237202113787534330e+02 9.372248263779415778e-01
1.266302307848626043e+02 9.395750445046701094e-01
1.296613371774479617e+02 9.411397209704429612e-01
1.328179183079091672e+02 9.419316056248882019e-01
1.360938129121374800e+02 9.421176003636257956e-01
1.394754874430191194e+02 9.419557269785209241e-01
1.429310859518596715e+02 9.419311386978210798e-01
1.464273060307081380e+02 9.425032466733126446e-01
1.499630931297756433e+02 9.436709451077388566e-01
1.535450030106265444e+02 9.453365722463108467e-01
1.572060432775143397e+02 9.470831947042941401e-01
1.610070053749081751e+02 9.481943503283107866e-01
1.650079318905453079e+02 9.480295367463837941e-01
1.692569313012883470e+02 9.461539973305732598e-01
1.737807976097105040e+02 9.424291446030550468e-01
1.785641517815600707e+02 9.372068826099188010e-01
1.835866625600658040e+02 9.308674360578277351e-01
1.888257301836156614e+02 9.237813887303689686e-01
1.942753822292529549e+02 9.161187745358747581e-01
1.999285841447832013e+02 9.080450063710654440e-01
2.058123919209421899e+02 8.993950047612190302e-01
2.119738816327987081e+02 8.898518733504054978e-01
2.184310134436261706e+02 8.793995735102000388e-01
2.251806447297714158e+02 8.682099168012599177e-01
2.322431483659818241e+02 8.562528250546780351e-01
2.396586228000649044e+02 8.433605345386527841e-01
2.474515104009988704e+02 8.295173908673728613e-01
2.556714439465546320e+02 8.145449604714490865e-01
2.643647068861624234e+02 7.983316537073280594e-01
2.735873341789547339e+02 7.807402832006553606e-01
2.833946750959764245e+02 7.616847375932371822e-01
2.938842916050935514e+02 7.408718826427960202e-01
3.051103522430427688e+02 7.183417711096802272e-01
3.171568540827867082e+02 6.940089323113691755e-01
3.300815501560882694e+02 6.679838977606287198e-01
3.439413267837391004e+02 6.404086410340867896e-01
3.587551414265375911e+02 6.116160482773602691e-01
3.745282413919549072e+02 5.819707613936537793e-01
3.912189448691778466e+02 5.519811887258011529e-01
4.088352629873149908e+02 5.218830823998396040e-01
4.274080682604993626e+02 4.917987105710506790e-01
4.469095856520817733e+02 4.620309970962531709e-01
4.676025213968479193e+02 4.319330483507313745e-01
4.894617906968406942e+02 4.018581430070964911e-01
5.126810763166032530e+02 3.715096972207956871e-01
5.372981672965095186e+02 3.410782449283776274e-01
5.634052142469506634e+02 3.106053040209482696e-01
5.909142748798362845e+02 2.805354573365397286e-01
6.196420642047414731e+02 2.514067822767386273e-01
6.493683522890092945e+02 2.236904876716880319e-01
6.795193837156920154e+02 1.983513235327779012e-01
7.092975222871751839e+02 1.764700442430492400e-01
7.382513177169583969e+02 1.583195650724711079e-01
7.663969697683165805e+02 1.434104328093356584e-01
7.938245497225431109e+02 1.312398885533649917e-01
8.205931279010675325e+02 1.214364479199926961e-01
8.473824231176625972e+02 1.128750294889556971e-01
8.744649817642424523e+02 1.051131155536267625e-01
9.020762738489086132e+02 9.781510547834090796e-02
9.301627670789447393e+02 9.103031438460602864e-02
9.582888547276178315e+02 8.523211819372068787e-02
9.871498737880026511e+02 7.959108093003527951e-02
1.017029800768921632e+03 7.382128997224761402e-02
1.047651831462618702e+03 6.824782920982006007e-02
1.079229302017326518e+03 6.267037566467469067e-02
1.111715489316951562e+03 5.716299357034122092e-02
1.145105776398576381e+03 5.175191121074926293e-02
1.179023748739192570e+03 4.679024995286704125e-02
1.213206774212180790e+03 4.248712950078958189e-02
1.247556223956104304e+03 3.888794756696545285e-02
1.282390906963121324e+03 3.569459984878826236e-02
1.318008290804220223e+03 3.265988396036649533e-02
1.354516279066083598e+03 2.970904124920767386e-02
1.392002755816742365e+03 2.679079461010252378e-02
1.430556484018132551e+03 2.385948518640728169e-02
1.470095341407907881e+03 2.099396120616030259e-02
1.510593975795624374e+03 1.822611856079764739e-02
1.551935550061622735e+03 1.564423185889006473e-02
1.594055618563673761e+03 1.329319060931434537e-02
1.636915634813358565e+03 1.119660850038269387e-02
1.680559518922191273e+03 9.325648947830816188e-03
1.725133747819706286e+03 7.594395723395036026e-03
1.770598330159723901e+03 6.031943590515871992e-03
1.816818904333406863e+03 4.716391050928331330e-03
1.863847892721685639e+03 3.616903146961721743e-03
1.911707046809230405e+03 2.721667962335544248e-03
1.960403948239608781e+03 2.027126851662844603e-03
2.010016268318039920e+03 1.494991134475998898e-03
2.060641735520124257e+03 1.080885252624627342e-03
2.112734467151768968e+03 5.759266525589800930e-04
2.165469357169562954e+03 3.828349087423298406e-04
2.219420129451475077e+03 2.350289802104398615e-04
2.274648567373822061e+03 1.164697975418441702e-04
2.331245955118794427e+03 2.256932485103992182e-07
2.388973884600599376e+03 2.256932485103992182e-07
2.448131313117004083e+03 2.256932485103992182e-07
2.508753638914718977e+03 2.256932485103992182e-07
2.570877136796396371e+03 2.256932485103992182e-07
2.634538979826510513e+03 2.256932485103992182e-07
2.699777261574753538e+03 2.256932485103992182e-07
2.766631018910206421e+03 2.256932485103992182e-07
2.835140255359985076e+03 2.256932485103992182e-07
2.905345965046289621e+03 2.256932485103992182e-07
2.977290157216219995e+03 2.256932485103992182e-07
3.051015881378985341e+03 2.256932485103992182e-07
3.126567253065607019e+03 2.256932485103992182e-07
3.203989480226484829e+03 2.256932485103992182e-07
3.283328890282655721e+03 2.256932485103992182e-07
3.364632957846883528e+03 2.256932485103992182e-07
3.447950333131228035e+03 2.256932485103992182e-07
3.533330871058044067e+03 2.256932485103992182e-07
3.620825661091870188e+03 2.256932485103992182e-07
3.710487057809991256e+03 2.256932485103992182e-07
3.802368712230059373e+03 2.256932485103992182e-07
3.896525603913435589e+03 2.256932485103992182e-07
3.993014073863531848e+03 2.256932485103992182e-07
4.091891858238755958e+03 2.256932485103992182e-07
4.193218122900325397e+03 2.256932485103992182e-07
4.297053498815554121e+03 2.256932485103992182e-07
4.403460118337824497e+03 2.256932485103992182e-07
4.512501652384967201e+03 2.256932485103992182e-07
4.624243348538229839e+03 2.256932485103992182e-07
4.738752070084738079e+03 2.256932485103992182e-07
4.856096336026706012e+03 2.256932485103992182e-07
4.976346362081429106e+03 2.256932485103992182e-07
5.099574102696484260e+03 2.256932485103992182e-07
5.225853294105398163e+03 2.256932485103992182e-07
5.355259498449457169e+03 2.256932485103992182e-07
5.487870148992121358e+03 2.256932485103992182e-07
5.623764596453018385e+03 2.256932485103992182e-07
5.763024156489345842e+03 2.256932485103992182e-07
5.905732158353006525e+03 2.256932485103992182e-07
6.051973994752658655e+03 2.256932485103992182e-07
6.201837172950428794e+03 2.256932485103992182e-07
6.355411367123979289e+03 2.256932485103992182e-07
6.512788472025159535e+03 2.256932485103992182e-07
6.674062657967424457e+03 2.256932485103992182e-07
6.839330427174839315e+03 2.256932485103992182e-07
7.008690671526488586e+03 2.256932485103992182e-07
7.182244731730766944e+03 2.256932485103992182e-07
7.360096457964979891e+03 2.256932485103992182e-07
7.542352272016583811e+03 2.256932485103992182e-07
7.729121230963140079e+03 2.256932485103992182e-07
7.920515092429219294e+03 2.256932485103992182e-07
8.116648381459208395e+03 2.256932485103992182e-07
8.317638459046114804e+03 2.256932485103992182e-07
8.523605592357233036e+03 2.256932485103992182e-07
8.734673026698903413e+03 2.256932485103992182e-07
8.950967059263213741e+03 2.256932485103992182e-07
9.172617114700962702e+03 2.256932485103992182e-07
9.399755822565904964e+03 2.256932485103992182e-07
9.632519096676816844e+03 2.256932485103992182e-07
9.871046216444727179e+03 2.256932485103992182e-07
1.011547991021408416e+04 2.256932485103992182e-07
1.036596644066758017e+04 2.256932485103992182e-07
1.062265569234592840e+04 2.256932485103992182e-07
1.088570126133480517e+04 2.256932485103992182e-07
1.115526054717271290e+04 2.256932485103992182e-07
1.143149484703468625e+04 2.256932485103992182e-07
1.171456945224836454e+04 2.256932485103992182e-07
1.200465374719983447e+04 2.256932485103992182e-07
1.230192131068887284e+04 2.256932485103992182e-07
1.260655001979390545e+04 2.256932485103992182e-07
1.291872215630895880e+04 2.256932485103992182e-07
1.323862451581629648e+04 2.256932485103992182e-07
1.356644851945995833e+04 2.256932485103992182e-07
1.390239032848714669e+04 2.256932485103992182e-07
1.424665096162590635e+04 2.256932485103992182e-07
1.459943641536955874e+04 2.256932485103992182e-07
1.496095778723939293e+04 2.256932485103992182e-07
1.533143140209999547e+04 2.256932485103992182e-07
1.571107894160230717e+04 2.256932485103992182e-07
1.610012757683207928e+04 2.256932485103992182e-07
1.649881010424307897e+04 2.256932485103992182e-07
1.690736508495634189e+04 2.256932485103992182e-07
1.732603698750884723e+04 2.256932485103992182e-07
1.775507633413715303e+04 2.256932485103992182e-07
1.819473985068314141e+04 2.256932485103992182e-07
1.864529062021209393e+04 2.256932485103992182e-07
1.910699824043465196e+04 2.256932485103992182e-07
1.958013898502699158e+04 2.256932485103992182e-07
2.006499596894569913e+04 2.256932485103992182e-07
2.056185931783630440e+04 2.256932485103992182e-07
2.107102634163682887e+04 2.256932485103992182e-07
2.159280171248018087e+04 2.256932485103992182e-07
2.212749764700208834e+04 2.256932485103992182e-07
2.267543409316306497e+04 2.256932485103992182e-07
2.323693892169701576e+04 2.256932485103992182e-07
2.381234812230038369e+04 2.256932485103992182e-07
2.440200600467955155e+04 2.256932485103992182e-07
2.500626540457669398e+04 2.256932485103992182e-07
2.562548789489738920e+04 2.256932485103992182e-07
2.626004400206626087e+04 2.256932485103992182e-07
2.691031342774045697e+04 2.256932485103992182e-07
2.757668527601276946e+04 2.256932485103992182e-07
2.825955828624153582e+04 2.256932485103992182e-07
2.895934107164565648e+04 2.256932485103992182e-07
2.967645236380800998e+04 2.256932485103992182e-07
3.041132126323340708e+04 2.256932485103992182e-07
3.116438749611100866e+04 2.256932485103992182e-07
3.193610167743484635e+04 2.256932485103992182e-07
3.272692558064018885e+04 2.256932485103992182e-07
3.353733241391626507e+04 2.256932485103992182e-07
3.436780710336178163e+04 2.256932485103992182e-07
3.521884658315192064e+04 2.256932485103992182e-07
3.609096009289058566e+04 2.256932485103992182e-07
3.698466948232601135e+04 2.256932485103992182e-07
3.790050952361191594e+04 2.256932485103992182e-07
3.883902823130102479e+04 2.256932485103992182e-07
3.980078719026249746e+04 2.256932485103992182e-07
4.078636189171982551e+04 2.256932485103992182e-07
4.179634207760913705e+04 2.256932485103992182e-07
4.283133209346555668e+04 2.256932485103992182e-07
4.389195125004759029e+04 2.256932485103992182e-07
4.497883419391631469e+04 2.256932485103992182e-07
4.609263128719122324e+04 2.256932485103992182e-07
4.723400899670975923e+04 2.256932485103992182e-07
4.840365029282337491e+04 2.256932485103992182e-07
4.960225505806947331e+04 2.256932485103992182e-07
5.083054050596199522e+04 2.256932485103992182e-07
5.208924161015360005e+04 2.256932485103992182e-07
5.337911154422429536e+04 2.256932485103992182e-07
5.470092213236078533e+04 2.256932485103992182e-07
5.605546431119567569e+04 2.256932485103992182e-07
5.744354860308312345e+04 2.256932485103992182e-07
5.886600560109406797e+04 2.256932485103992182e-07
6.032368646602109948e+04 2.256932485103992182e-07
6.181746343569119199e+04 2.256932485103992182e-07
6.334823034688903135e+04 2.256932485103992182e-07
6.491690317020595830e+04 2.256932485103992182e-07
6.652442055813247862e+04 2.256932485103992182e-07
6.817174440672316996e+04 2.256932485103992182e-07
6.985986043117003283e+04 2.256932485103992182e-07
7.158977875562837289e+04 2.256932485103992182e-07
7.336253451764832425e+04 2.256932485103992182e-07
7.517918848757467640e+04 2.256932485103992182e-07
7.704082770328277547e+04 2.256932485103992182e-07
7.894856612063410284e+04 2.256932485103992182e-07
8.090354528003788437e+04 2.256932485103992182e-07
8.290693498951883521e+04 2.256932485103992182e-07
8.495993402469942521e+04 2.256932485103992182e-07
8.706377084611570172e+04 2.256932485103992182e-07
8.921970433429544210e+04 2.256932485103992182e-07
9.142902454303989362e+04 2.256932485103992182e-07
9.369305347135684860e+04 2.256932485103992182e-07
9.601314585451077437e+04 2.256932485103992182e-07
9.839068997466047585e+04 2.256932485103992182e-07
1.008271084915706306e+05 2.256932485103992182e-07
1.033238592938938964e+05 2.256932485103992182e-07
1.058824363715330255e+05 2.256932485103992182e-07
1.085043707096050930e+05 2.256932485103992182e-07
1.111912312045424478e+05 2.256932485103992182e-07
1.139446256028798962e+05 2.256932485103992182e-07
1.167662014632865030e+05 2.256932485103992182e-07
1.196576471424222254e+05 2.256932485103992182e-07
1.226206928052057774e+05 2.256932485103992182e-07
1.256571114600998553e+05 2.256932485103992182e-07
1.287687200200324878e+05 2.256932485103992182e-07
1.319573803895900783e+05 2.256932485103992182e-07
1.352250005791316798e+05 2.256932485103992182e-07
1.385735358464932069e+05 2.256932485103992182e-07
1.420049898669605900e+05 2.256932485103992182e-07
1.455214159322174673e+05 2.256932485103992182e-07
1.491249181789803843e+05 2.256932485103992182e-07
1.528176528480588167e+05 2.256932485103992182e-07
1.566018295745931100e+05 2.256932485103992182e-07
1.604797127102415252e+05 2.256932485103992182e-07
1.644536226781089499e+05 2.256932485103992182e-07
1.685259373612264171e+05 2.256932485103992182e-07
1.726990935254151409e+05 2.256932485103992182e-07
1.769755882773808553e+05 2.256932485103992182e-07
1.813579805589181487e+05 2.256932485103992182e-07
1.858488926781133923e+05 2.256932485103992182e-07
1.904510118784647493e+05 2.256932485103992182e-07
1.951670919468581560e+05 2.256932485103992182e-07
1.999999548613604857e+05 2.256932485103992182e-07
