6.464723995006665946e-01 1.178594007040859148e+00
6.556509151562550652e-01 1.201288310373508805e+00
6.651398233582437314e-01 1.223616842624799084e+00
6.747964503517461798e-01 1.246070701925253932e+00
6.847919875446011329e-01 1.268092950113345996e+00
6.950893435932520292e-01 1.289824485721284830e+00
7.056849342688522597e-01 1.311294502706989551e+00
7.165910563344479733e-01 1.332480680188437017e+00
7.278055738802122754e-01 1.353408772604141275e+00
7.393273888327418497e-01 1.374101359460429661e+00
7.511549272819721956e-01 1.394582686542673811e+00
7.632859236693928517e-01 1.414879205455503497e+00
7.756639997385311736e-01 1.435187110477459838e+00
7.883049729639532988e-01 1.455472146125906141e+00
8.012463972459208383e-01 1.475634322492999528e+00
8.142891164918010238e-01 1.496302785459984186e+00
8.275794397631207611e-01 1.517036454601828011e+00
8.410066044674074925e-01 1.538183978264920926e+00
8.545720063748395434e-01 1.559747626784714125e+00
8.682459296674456262e-01 1.581822385094541428e+00
8.819659967729653882e-01 1.604597280954412009e+00
8.959635356681534546e-01 1.627395164243050418e+00
9.099512826963012113e-01 1.651068175129453808e+00
9.240548447066425641e-01 1.675251375594086323e+00
9.380102981690368047e-01 1.700710572437278856e+00
9.520809387840381000e-01 1.726685741778022143e+00
9.659871721795468824e-01 1.753980779639586318e+00
9.799947333876327660e-01 1.781837959860907095e+00
9.938783131103477997e-01 1.810901732535796338e+00
1.007834288703733261e+00 1.840619435002669668e+00
1.021755360449325245e+00 1.871299965723611347e+00
1.035729254949768752e+00 1.902702679404836283e+00
1.049790549486987912e+00 1.934738740040920613e+00
1.063826016392436902e+00 1.967732846293335891e+00
1.078002245012124494e+00 2.001228429596389802e+00
1.092270599208160720e+00 2.035370994548904466e+00
1.106639963887277034e+00 2.070145658822020618e+00
1.121165318031060787e+00 2.105410248544401064e+00
1.135815339426436754e+00 2.141262384427133902e+00
1.150562251156034943e+00 2.177789523309146880e+00
1.165514606527699337e+00 2.214702856044658219e+00
1.180650657540649462e+00 2.252074229484620105e+00
1.195903008189032946e+00 2.290100858686416885e+00
1.211272125051077397e+00 2.328792724044564721e+00
1.226837396410596304e+00 2.367943346131058835e+00
1.242551599707319987e+00 2.407694527714018928e+00
1.258443425742738153e+00 2.447979697859969050e+00
1.274467431108465165e+00 2.488935665241908346e+00
1.290596487438608886e+00 2.530648889854311356e+00
1.309022369642276473e+00 2.567148980885176623e+00
1.325232793017556254e+00 2.610766867332316554e+00
1.341604687564859510e+00 2.655025087827054264e+00
1.358121263426786962e+00 2.699982645962783145e+00
1.374786262762238920e+00 2.745642797506676835e+00
1.391583489649183214e+00 2.792063329346107903e+00
1.408523070644497555e+00 2.839230533438676485e+00
1.425589238032657136e+00 2.887201504648365447e+00
1.442779958869615742e+00 2.935996176340986086e+00
1.460075607578832813e+00 2.985682776780025804e+00
1.477490547079830518e+00 3.036237110817660678e+00
1.495051015919065751e+00 3.087602690216309398e+00
1.512748128654625823e+00 3.139819167239716435e+00
1.530592333829501772e+00 3.192873580458274407e+00
1.548507144606141583e+00 3.246991532149814841e+00
1.566566107454937518e+00 3.301987942021352485e+00
1.584805501498953717e+00 3.357779500859185973e+00
1.603236674515656546e+00 3.414351274672116965e+00
1.621860473459486141e+00 3.471717355939481831e+00
1.640591671736929102e+00 3.530129728410734469e+00
1.659449930448660959e+00 3.589552001253026869e+00
1.678424357476229423e+00 3.650032425975507255e+00
1.697519319233455448e+00 3.711577463162994306e+00
1.716699862144298594e+00 3.774303195481839346e+00
1.736051971821469531e+00 3.837989842103821214e+00
1.755498837756964692e+00 3.902870642146728741e+00
1.775057885245198586e+00 3.968917289122436909e+00
1.794778523530344394e+00 4.036011698854100160e+00
1.816406342061163137e+00 4.099268632053778560e+00
1.836215211567967964e+00 4.169167757507918459e+00
1.856152481236464702e+00 4.240272410832695016e+00
1.876243271447405991e+00 4.312533394462465530e+00
1.896468329090653882e+00 4.386027084792072372e+00
1.916834955030670917e+00 4.460755269710128701e+00
1.937323599827268206e+00 4.536796627635319545e+00
1.957941620528184545e+00 4.614153836964033140e+00
1.978711421374287793e+00 4.692786457503408393e+00
1.999635832144471825e+00 4.772710124508765084e+00
2.020844230625248095e+00 4.853574205431722355e+00
2.042150345132415890e+00 4.935940807299826538e+00
2.063619145034747415e+00 5.019647104156928386e+00
2.085196978996123551e+00 5.104875334762505545e+00
2.106938570311542858e+00 5.191492054452082172e+00
2.128783120383167304e+00 5.279702681609845349e+00
2.150784752986892201e+00 5.369375567127644189e+00
2.174384251529332790e+00 5.456257143188214087e+00
2.196497821289968844e+00 5.549522569854420162e+00
2.218771793067116249e+00 5.644328412256422567e+00
2.241200565643434395e+00 5.740720344035909584e+00
2.263787721440796208e+00 5.838717119203589156e+00
2.286508103468762876e+00 5.938425051700134460e+00
2.309436609292057963e+00 6.039647401124825343e+00
2.332587223649009722e+00 6.142370371213357494e+00
2.355908464535078739e+00 6.246781276586027332e+00
2.379351338404162686e+00 6.353063177033550168e+00
2.402948996377302748e+00 6.461147514511394796e+00
2.426686267878308989e+00 6.571115183285073158e+00
2.451857641419952660e+00 6.678944730757643278e+00
2.475792327149617833e+00 6.793021716806771693e+00
2.499876296685816790e+00 6.909060307143956692e+00
2.524145163104262402e+00 7.026983770199522361e+00
2.548561800384696596e+00 7.146946224039543161e+00
2.573278331819040421e+00 7.268496797083055405e+00
2.598126114553675592e+00 7.392211183664907814e+00
2.623166289405566953e+00 7.517930970981679728e+00
2.648351160006623406e+00 7.645849575549438448e+00
2.674885952362982877e+00 7.772053707423900448e+00
2.700296505711737183e+00 7.904681782980362392e+00
2.725874433402762698e+00 8.039560565057726649e+00
2.751653902375777783e+00 8.176618212065083213e+00
2.777692161695827444e+00 8.315703666076608158e+00
2.803951181967849315e+00 8.456983621983670929e+00
2.830360008229225510e+00 8.600740083611922771e+00
2.858085402375000417e+00 8.743040244060399147e+00
2.884739972316125556e+00 8.892050673934818406e+00
2.911607998784841111e+00 9.043461234298083795e+00
2.938687464300356211e+00 9.197323982880687865e+00
2.966049605716890802e+00 9.353436268888692950e+00
2.993609209511431057e+00 9.512139730409096217e+00
3.022412966635084519e+00 9.669786615274869490e+00
3.050260027412769137e+00 9.834178359388868529e+00
3.078300839897200269e+00 1.000132741856458196e+01
3.106610928936607507e+00 1.017101389259410560e+01
3.135160867388809169e+00 1.034339184476165840e+01
3.163935025943425128e+00 1.051856863749554449e+01
3.193877728981229680e+00 1.069313843761264415e+01
3.222978546365031782e+00 1.087449829359403530e+01
3.252340813592144997e+00 1.105868474982571037e+01
3.281974449372957903e+00 1.124571370041076790e+01
3.311852718447429123e+00 1.143573872332627595e+01
3.342820366137155386e+00 1.162562456584327819e+01
3.373061706055576092e+00 1.182227039314273398e+01
3.403593298284379731e+00 1.202191522989974715e+01
3.434381637089711781e+00 1.222474409268689222e+01
3.466281151394797533e+00 1.242750588264035905e+01
3.497466086375844441e+00 1.263731686538927157e+01
3.528956529869275549e+00 1.285030832442512150e+01
3.560710104075297089e+00 1.306670694468671279e+01
3.593549459746763652e+00 1.328330587643553429e+01
3.625729751013371693e+00 1.350708780780382412e+01
3.658244408645670465e+00 1.373418976920536139e+01
3.691849474605958470e+00 1.396160888768481634e+01
3.724803151680385227e+00 1.419645413470882112e+01
3.758080838290033032e+00 1.443486298411539792e+01
3.792449268455444056e+00 1.467373223007937000e+01
3.826208772570405259e+00 1.492013867668854843e+01
3.860273881488462511e+00 1.517039757145474788e+01
3.895438899430262669e+00 1.542123158930041349e+01
3.930009392284937064e+00 1.567983849047164924e+01
3.964886195001454006e+00 1.594252010990333801e+01
4.000839260694585953e+00 1.620604043755838575e+01
4.036232154372035197e+00 1.647749599700193102e+01
4.071973784587685330e+00 1.675307886880256447e+01
4.108705676316396271e+00 1.703004996912094526e+01
4.144962285932749069e+00 1.731490564684171929e+01
4.182265154393947526e+00 1.760103081020511340e+01
4.219060451953683177e+00 1.789540191782403866e+01
4.256208409369130585e+00 1.819430110365926723e+01
4.294278687518127136e+00 1.849522580592444854e+01
4.331960720478600813e+00 1.880419947113214008e+01
4.370575288830708338e+00 1.911529947547116848e+01
4.408797088345550286e+00 1.943470177754079131e+01
4.447937149974133142e+00 1.975645010686973890e+01
4.486693650308750669e+00 2.008669961028986961e+01
4.526341856526446605e+00 2.041958161912396719e+01
4.565631586631822891e+00 2.076109663307376962e+01
4.605791666277426977e+00 2.110551608673911161e+01
4.646244477250427884e+00 2.145567928304349081e+01
4.686290026882593551e+00 2.181510115263418825e+01
4.727235299447983152e+00 2.217755648245165290e+01
4.767805144336592527e+00 2.254939079739802921e+01
4.809211126836296479e+00 2.292476265358839882e+01
4.850864307965307098e+00 2.330668100785603514e+01
4.892127662317496295e+00 2.369848490451120782e+01
4.934192556322916090e+00 2.409431280890544969e+01
4.976477681893949345e+00 2.449720918210588749e+01
5.018377613748118193e+00 2.491043338015462183e+01
5.061029581062490124e+00 2.532827740437652508e+01
5.103859504384646861e+00 2.575382713337937091e+01
5.146851915058105575e+00 2.618731137503426254e+01
5.189474605332590862e+00 2.663171556084881075e+01
5.232759521447853501e+00 2.708172426706590841e+01
5.276174551895826070e+00 2.754031085425240732e+01
5.319721431733424488e+00 2.800763149047968170e+01
5.363367764028675211e+00 2.848403307742016466e+01
5.407106294600076524e+00 2.896973249954793417e+01
5.450935052751892940e+00 2.946492216336763903e+01
5.494820543137907798e+00 2.996997634957689982e+01
5.538760523862803709e+00 3.048510205419830399e+01
5.582749139900412771e+00 3.101053162145435138e+01
5.626757768615977540e+00 3.154663455579228071e+01
5.670778654066869429e+00 3.209366889635290931e+01
5.714813213528993963e+00 3.265184498971735394e+01
5.758831463701572950e+00 3.322156431036577828e+01
5.802820754018862992e+00 3.380313591408405927e+01
5.846796268678164488e+00 3.439670844361758384e+01
5.891137176422689414e+00 3.500020807298466963e+01
5.934982699440124243e+00 3.561912777335842861e+01
5.978781028234716466e+00 3.625101509679197420e+01
6.022515225626722923e+00 3.689624326670124788e+01
6.066542981595178574e+00 3.755281496253076057e+01
6.110097306032068687e+00 3.822586711852112984e+01
6.153957438791807455e+00 3.891071403288846398e+01
6.197335193591348990e+00 3.961274144563921595e+01
6.240982408226637190e+00 4.032735785562352504e+01
6.284181934484348808e+00 4.105960172904267580e+01
6.327658505910831011e+00 4.180496827698252815e+01
6.370704689503573270e+00 4.256854383081435600e+01
6.414004452754650920e+00 4.334601183417007064e+01
6.457250575170324858e+00 4.413978566599801212e+01
6.500144198511487836e+00 4.495232055169519469e+01
6.543318695539798391e+00 4.577951040047157960e+01
6.586480094114164352e+00 4.662375863171311607e+01
6.629654993018778697e+00 4.748522667600409619e+01
6.672888041270475412e+00 4.836394127859409764e+01
6.716202920424905187e+00 4.926007850699526358e+01
6.759633321442347409e+00 5.017373788920698985e+01
6.803219241656504934e+00 5.110496616972992001e+01
6.847262971542906307e+00 5.205177075137340381e+01
6.891303120382176850e+00 5.301804286022473178e+01
6.935661975360439158e+00 5.400163329232408671e+01
6.980631031275128073e+00 5.500052880336636463e+01
7.025799120048736413e+00 5.601831641641397397e+01
7.071703522843291623e+00 5.705095648895303384e+01
7.117970900544423607e+00 5.810177485042597567e+01
7.165129376284589569e+00 5.916667356779681342e+01
7.213048888206453846e+00 6.024695033661060251e+01
7.261829394103444635e+00 6.134198259224169192e+01
7.311578037951100839e+00 6.245105362230177803e+01
7.362410841808276984e+00 6.357333483982522893e+01
7.414451016879901601e+00 6.470789743391672744e+01
7.467833323790820543e+00 6.585367123035167936e+01
7.522873825145214077e+00 6.700790653907158401e+01
7.579373467088238669e+00 6.817245407338690200e+01
7.637840859148770534e+00 6.934272560372409089e+01
7.698118415470770692e+00 7.052016647363471691e+01
7.760718208714314059e+00 7.170001426301543290e+01
7.825679833866352908e+00 7.288182951504275309e+01
7.893221937480670469e+00 7.406348255391469593e+01
7.963575595230712345e+00 7.524269222404866753e+01
8.037130867895639241e+00 7.641562013308293899e+01
8.113872039000257885e+00 7.758230966102820503e+01
8.194361980990771954e+00 7.873722281716740667e+01
8.278773521061864926e+00 7.987858692798187121e+01
8.367439322028983995e+00 8.100310400492013230e+01
8.460710134232911628e+00 8.210733456105653261e+01
8.558974914701368064e+00 8.318752133080388944e+01
8.662649222659995374e+00 8.423972783909803752e+01
8.772289931683033615e+00 8.525874054812099700e+01
8.888263064001044711e+00 8.624137394969443449e+01
9.011079842994783817e+00 8.718320218401358090e+01
9.141303039302620448e+00 8.807952721191040268e+01
9.279536580964304449e+00 8.892553455077415947e+01
9.426542397701664910e+00 8.971522825384839450e+01
9.582913499714662109e+00 9.044466251653497579e+01
9.749415738436603363e+00 9.110869853653991868e+01
9.926978660740687133e+00 9.170122098482146100e+01
1.011628619223947467e+01 9.221906490139834034e+01
1.031851962675235868e+01 9.265517103195021775e+01
1.053472607910663683e+01 9.300462359330074946e+01
1.076583142186439090e+01 9.326450558513857914e+01
1.101327990476530871e+01 9.342834946994376821e+01
1.127841279702040467e+01 9.349185966701672612e+01
1.156246131032773405e+01 9.345292168255014076e+01
1.186721052925466324e+01 9.330622234001309323e+01
1.219437671479735386e+01 9.304867789687074264e+01
1.254568963644203805e+01 9.267874614648371789e+01
1.292315274762932731e+01 9.219453328342073917e+01
1.332907107040585970e+01 9.159389181165836646e+01
1.376568490297133529e+01 9.087719001663120366e+01
1.423569423052942362e+01 9.004375972059284550e+01
1.474190547679733143e+01 8.909454980750817299e+01
1.528721674612423520e+01 8.803218363707408400e+01
1.587509946914875769e+01 8.685819967831480426e+01
1.650899269363899435e+01 8.557679134446772196e+01
1.719303260693118673e+01 8.419083623830321983e+01
1.793154913844819376e+01 8.270489657006156392e+01
1.872931102944402681e+01 8.112401610916923289e+01
1.959154504303314326e+01 7.945380730180599471e+01
2.052367626208919660e+01 7.770157778344658084e+01
2.153265492594992736e+01 7.587131679845545307e+01
2.262512185666816222e+01 7.397116867601201307e+01
2.380862419364234128e+01 7.200863258787531151e+01
2.509131964916561586e+01 6.999182124794872095e+01
2.648269947548573455e+01 6.792755530623570337e+01
2.799171401285130401e+01 6.582653477995383184e+01
2.962855346244437982e+01 6.369806502911719548e+01
3.140661883645171315e+01 6.154662260692830955e+01
3.333631381365860591e+01 5.938523743421654899e+01
3.543257325185810913e+01 5.721956644582149920e+01
3.771290408910807201e+01 5.505379109087797218e+01
4.019300506046292298e+01 5.289739759877384273e+01
4.289494717815880875e+01 5.075298965355773362e+01
4.584140822812037186e+01 4.862573322161706102e+01
4.905761850714908689e+01 4.652057992634799888e+01
5.257707638445328513e+01 4.443756686483010299e+01
5.643387166995392334e+01 4.238054067885489218e+01
6.067461582594290093e+01 4.034767350353455839e+01
6.534625681222829030e+01 3.834238688550128415e+01
7.050018298917831316e+01 3.636925867027281356e+01
7.624112706565387043e+01 3.441104355096143763e+01
8.263692783067378400e+01 3.247936226512537417e+01
8.982148694663075617e+01 3.056417235573660918e+01
9.794021708510395285e+01 2.866449031084639287e+01
1.072046420515271024e+02 2.677203274219688467e+01
1.178858837031322793e+02 2.488110191086096989e+01
1.303875367674185668e+02 2.297903999281623300e+01
1.451550476361779829e+02 2.107288176003275737e+01
1.630740833616967507e+02 1.913397569756946126e+01
1.850069319296164281e+02 1.718652783508597892e+01
2.123662282870986644e+02 1.523587299694865749e+01
2.471760027160455593e+02 1.329480058614767302e+01
2.912968922312699078e+02 1.143002096779352605e+01
3.480058913354343986e+02 9.662141037334968985e+00
4.210898454700036382e+02 8.029829646342939498e+00
5.139943572537241607e+02 6.580874047240768299e+00
6.318026830856214247e+02 5.320034849422631495e+00
7.804655554440048491e+02 4.242887086058852120e+00
7.752436458238012165e+02 4.408904789958624448e+00
1.029798774230072468e+03 3.172712743656354917e+00
1.385995776275074604e+03 2.177110051520893652e+00
1.929800121676519893e+03 1.338326451604673561e+00
3.606994674922264494e+03 2.820214081126671268e-01
4.738752070084738079e+03 2.256932485103992182e-07
4.856096336026706012e+03 2.256932485103992182e-07
4.976346362081429106e+03 2.256932485103992182e-07
5.099574102696484260e+03 2.256932485103992182e-07
5.225853294105398163e+03 2.256932485103992182e-07
5.355259498449457169e+03 2.256932485103992182e-07
5.487870148992121358e+03 2.256932485103992182e-07
5.623764596453018385e+03 2.256932485103992182e-07
5.763024156489345842e+03 2.256932485103992182e-07
5.905732158353006525e+03 2.256932485103992182e-07
6.051973994752658655e+03 2.256932485103992182e-07
6.201837172950428794e+03 2.256932485103992182e-07
6.355411367123979289e+03 2.256932485103992182e-07
6.512788472025159535e+03 2.256932485103992182e-07
6.674062657967424457e+03 2.256932485103992182e-07
6.839330427174839315e+03 2.256932485103992182e-07
7.008690671526488586e+03 2.256932485103992182e-07
7.182244731730766944e+03 2.256932485103992182e-07
7.360096457964979891e+03 2.256932485103992182e-07
7.542352272016583811e+03 2.256932485103992182e-07
7.729121230963140079e+03 2.256932485103992182e-07
7.920515092429219294e+03 2.256932485103992182e-07
8.116648381459208395e+03 2.256932485103992182e-07
8.317638459046114804e+03 2.256932485103992182e-07
8.523605592357233036e+03 2.256932485103992182e-07
8.734673026698903413e+03 2.256932485103992182e-07
8.950967059263213741e+03 2.256932485103992182e-07
9.172617114700962702e+03 2.256932485103992182e-07
9.399755822565904964e+03 2.256932485103992182e-07
9.632519096676816844e+03 2.256932485103992182e-07
9.871046216444727179e+03 2.256932485103992182e-07
1.011547991021408416e+04 2.256932485103992182e-07
1.036596644066758017e+04 2.256932485103992182e-07
1.062265569234592840e+04 2.256932485103992182e-07
1.088570126133480517e+04 2.256932485103992182e-07
1.115526054717271290e+04 2.256932485103992182e-07
1.143149484703468625e+04 2.256932485103992182e-07
1.171456945224836454e+04 2.256932485103992182e-07
1.200465374719983447e+04 2.256932485103992182e-07
1.230192131068887284e+04 2.256932485103992182e-07
1.260655001979390545e+04 2.256932485103992182e-07
1.291872215630895880e+04 2.256932485103992182e-07
1.323862451581629648e+04 2.256932485103992182e-07
1.356644851945995833e+04 2.256932485103992182e-07
1.390239032848714669e+04 2.256932485103992182e-07
1.424665096162590635e+04 2.256932485103992182e-07
1.459943641536955874e+04 2.256932485103992182e-07
1.496095778723939293e+04 2.256932485103992182e-07
1.533143140209999547e+04 2.256932485103992182e-07
1.571107894160230717e+04 2.256932485103992182e-07
1.610012757683207928e+04 2.256932485103992182e-07
1.649881010424307897e+04 2.256932485103992182e-07
1.690736508495634189e+04 2.256932485103992182e-07
1.732603698750884723e+04 2.256932485103992182e-07
1.775507633413715303e+04 2.256932485103992182e-07
1.819473985068314141e+04 2.256932485103992182e-07
1.864529062021209393e+04 2.256932485103992182e-07
1.910699824043465196e+04 2.256932485103992182e-07
1.958013898502699158e+04 2.256932485103992182e-07
2.006499596894569913e+04 2.256932485103992182e-07
2.056185931783630440e+04 2.256932485103992182e-07
2.107102634163682887e+04 2.256932485103992182e-07
2.159280171248018087e+04 2.256932485103992182e-07
2.212749764700208834e+04 2.256932485103992182e-07
2.267543409316306497e+04 2.256932485103992182e-07
2.323693892169701576e+04 2.256932485103992182e-07
2.381234812230038369e+04 2.256932485103992182e-07
2.440200600467955155e+04 2.256932485103992182e-07
2.500626540457669398e+04 2.256932485103992182e-07
2.562548789489738920e+04 2.256932485103992182e-07
2.626004400206626087e+04 2.256932485103992182e-07
2.691031342774045697e+04 2.256932485103992182e-07
2.757668527601276946e+04 2.256932485103992182e-07
2.825955828624153582e+04 2.256932485103992182e-07
2.895934107164565648e+04 2.256932485103992182e-07
2.967645236380800998e+04 2.256932485103992182e-07
3.041132126323340708e+04 2.256932485103992182e-07
3.116438749611100866e+04 2.256932485103992182e-07
3.193610167743484635e+04 2.256932485103992182e-07
3.272692558064018885e+04 2.256932485103992182e-07
3.353733241391626507e+04 2.256932485103992182e-07
3.436780710336178163e+04 2.256932485103992182e-07
3.521884658315192064e+04 2.256932485103992182e-07
3.609096009289058566e+04 2.256932485103992182e-07
3.698466948232601135e+04 2.256932485103992182e-07
3.790050952361191594e+04 2.256932485103992182e-07
3.883902823130102479e+04 2.256932485103992182e-07
3.980078719026249746e+04 2.256932485103992182e-07
4.078636189171982551e+04 2.256932485103992182e-07
4.179634207760913705e+04 2.256932485103992182e-07
4.283133209346555668e+04 2.256932485103992182e-07
4.389195125004759029e+04 2.256932485103992182e-07
4.497883419391631469e+04 2.256932485103992182e-07
4.609263128719122324e+04 2.256932485103992182e-07
4.723400899670975923e+04 2.256932485103992182e-07
4.840365029282337491e+04 2.256932485103992182e-07
4.960225505806947331e+04 2.256932485103992182e-07
5.083054050596199522e+04 2.256932485103992182e-07
5.208924161015360005e+04 2.256932485103992182e-07
5.337911154422429536e+04 2.256932485103992182e-07
5.470092213236078533e+04 2.256932485103992182e-07
5.605546431119567569e+04 2.256932485103992182e-07
5.744354860308312345e+04 2.256932485103992182e-07
5.886600560109406797e+04 2.256932485103992182e-07
6.032368646602109948e+04 2.256932485103992182e-07
6.181746343569119199e+04 2.256932485103992182e-07
6.334823034688903135e+04 2.256932485103992182e-07
6.491690317020595830e+04 2.256932485103992182e-07
6.652442055813247862e+04 2.256932485103992182e-07
6.817174440672316996e+04 2.256932485103992182e-07
6.985986043117003283e+04 2.256932485103992182e-07
7.158977875562837289e+04 2.256932485103992182e-07
7.336253451764832425e+04 2.256932485103992182e-07
7.517918848757467640e+04 2.256932485103992182e-07
7.704082770328277547e+04 2.256932485103992182e-07
7.894856612063410284e+04 2.256932485103992182e-07
8.090354528003788437e+04 2.256932485103992182e-07
8.290693498951883521e+04 2.256932485103992182e-07
8.495993402469942521e+04 2.256932485103992182e-07
8.706377084611570172e+04 2.256932485103992182e-07
8.921970433429544210e+04 2.256932485103992182e-07
9.142902454303989362e+04 2.256932485103992182e-07
9.369305347135684860e+04 2.256932485103992182e-07
9.601314585451077437e+04 2.256932485103992182e-07
9.839068997466047585e+04 2.256932485103992182e-07
1.008271084915706306e+05 2.256932485103992182e-07
1.033238592938938964e+05 2.256932485103992182e-07
1.058824363715330255e+05 2.256932485103992182e-07
1.085043707096050930e+05 2.256932485103992182e-07
1.111912312045424478e+05 2.256932485103992182e-07
1.139446256028798962e+05 2.256932485103992182e-07
1.167662014632865030e+05 2.256932485103992182e-07
1.196576471424222254e+05 2.256932485103992182e-07
1.226206928052057774e+05 2.256932485103992182e-07
1.256571114600998553e+05 2.256932485103992182e-07
1.287687200200324878e+05 2.256932485103992182e-07
1.319573803895900783e+05 2.256932485103992182e-07
1.352250005791316798e+05 2.256932485103992182e-07
1.385735358464932069e+05 2.256932485103992182e-07
1.420049898669605900e+05 2.256932485103992182e-07
1.455214159322174673e+05 2.256932485103992182e-07
1.491249181789803843e+05 2.256932485103992182e-07
1.528176528480588167e+05 2.256932485103992182e-07
1.566018295745931100e+05 2.256932485103992182e-07
1.604797127102415252e+05 2.256932485103992182e-07
1.644536226781089499e+05 2.256932485103992182e-07
1.685259373612264171e+05 2.256932485103992182e-07
1.726990935254151409e+05 2.256932485103992182e-07
1.769755882773808553e+05 2.256932485103992182e-07
1.813579805589181487e+05 2.256932485103992182e-07
1.858488926781133923e+05 2.256932485103992182e-07
1.904510118784647493e+05 2.256932485103992182e-07
1.951670919468581560e+05 2.256932485103992182e-07
1.999999548613604857e+05 2.256932485103992182e-07
