1.032145300274342370e+00 1.498000066529094065e-01
1.055186271173222279e+00 1.525434867450139176e-01
1.078703811814338387e+00 1.553339781292519539e-01
1.102706195107840292e+00 1.581725076193352397e-01
1.127202305076794309e+00 1.610595752375346135e-01
1.152200869082780077e+00 1.639959809531565949e-01
1.177711039167822493e+00 1.669822219566577393e-01
1.203742626768300905e+00 1.700182945673557322e-01
1.230305937095182545e+00 1.731039018041399813e-01
1.257398336780147119e+00 1.762510500111125200e-01
1.285043857569624137e+00 1.794465441550882057e-01
1.313246861725174464e+00 1.826960524418532739e-01
1.342016568058632453e+00 1.860007071494109987e-01
1.371368736717800241e+00 1.893560539541288279e-01
1.401293222464274901e+00 1.927801888291343080e-01
1.431819673900116552e+00 1.962568007285039051e-01
1.462956790710673527e+00 1.997881072492131427e-01
1.494697058606763385e+00 2.033893914645406586e-01
1.527068442393990200e+00 2.070469493799863281e-01
1.560072912360142894e+00 2.107683937458258994e-01
1.593722476087203521e+00 2.145533069959725814e-01
1.628026673181443229e+00 2.184033065745669966e-01
1.662997282806339294e+00 2.223184070619719510e-01
1.698641374872219112e+00 2.263021787747460378e-01
1.734978039075311784e+00 2.303495727311032082e-01
1.772007284943577510e+00 2.344693409679174112e-01
1.809749242099052635e+00 2.386560109192961410e-01
1.848216036463837586e+00 2.429100233781353313e-01
1.887423484351082426e+00 2.472295065047157847e-01
1.927377587610149323e+00 2.516192478224112961e-01
1.968089718788067710e+00 2.560804372008558816e-01
2.009579460518284844e+00 2.606091866936216528e-01
2.051858033800696202e+00 2.652071819961162036e-01
2.094938803755229006e+00 2.698748530468750295e-01
2.138834878603415035e+00 2.746129105495002665e-01
2.183551286494589849e+00 2.794269086010556236e-01
2.229103129684517626e+00 2.843163825081055918e-01
2.275508648054304750e+00 2.892792712278233203e-01
2.322779952126372116e+00 2.943172170607326610e-01
2.370916853494917209e+00 2.994386496375349149e-01
2.419946604063610618e+00 3.046368073938868215e-01
2.469876553882225156e+00 3.099160684017717715e-01
2.520718740231517430e+00 3.152782347825498488e-01
2.572481378825016929e+00 3.207271037893043575e-01
2.625181854345820742e+00 3.262617457005893562e-01
2.678832931058757527e+00 3.318837319150997334e-01
2.733464043228183815e+00 3.375865238456400297e-01
2.789088415930230269e+00 3.433719465349812650e-01
2.845715789394260398e+00 3.492435160678178940e-01
2.903360183948318962e+00 3.552026840836652322e-01
2.962034711154390987e+00 3.612513795075034673e-01
3.021755622285106302e+00 3.673901408682373471e-01
3.082534690249709275e+00 3.736216173391802009e-01
3.144385009563570588e+00 3.799478656936352561e-01
3.207334013806923512e+00 3.863647675739809162e-01
3.271383300551648166e+00 3.928795977092072178e-01
3.336566520484749887e+00 3.994859035949759885e-01
3.402881682364185867e+00 4.061924883634383532e-01
3.470359264386576381e+00 4.129945684060763456e-01
3.539013321199911299e+00 4.198943744264896361e-01
3.608859319934668797e+00 4.268935989778960827e-01
3.679913128865246019e+00 4.339938297536350964e-01
3.752190580305354572e+00 4.411967260551786230e-01
3.825711682062701957e+00 4.485024203661979181e-01
3.900483951791126280e+00 4.559158482896676912e-01
3.976524771755987064e+00 4.634381868451953324e-01
4.053852496695310670e+00 4.710703415744233458e-01
4.132484251610243575e+00 4.788137552611724246e-01
4.212428771968248498e+00 4.866728999394547284e-01
4.293710032562304768e+00 4.946468462696695934e-01
4.376344950526785738e+00 5.027372853285142495e-01
4.460344588755223327e+00 5.109479482012979634e-01
4.545720656306334817e+00 5.192822985503737776e-01
4.632511080846962948e+00 5.277351169239596906e-01
4.720735623098235578e+00 5.363075179628822298e-01
4.810424336145207036e+00 5.449974025106844033e-01
4.901588938670028206e+00 5.538087433615701549e-01
4.994243533283349024e+00 5.627447149499608114e-01
5.088405331829000566e+00 5.718075204730790340e-01
5.184095651319564624e+00 5.809981506480361713e-01
5.281333075556846168e+00 5.903185208880272761e-01
5.380128211226056223e+00 5.997729749269141708e-01
5.480505468245335798e+00 6.093617397688444459e-01
5.582480922244009491e+00 6.190876005211057853e-01
5.686074330543319455e+00 6.289523042958521382e-01
5.791305687075814390e+00 6.389575996074449149e-01
5.898192850952436395e+00 6.491059013357675100e-01
6.006755395151292198e+00 6.593991897432333049e-01
6.117003417401653209e+00 6.698420924328101211e-01
6.228957642478600398e+00 6.804363077484636424e-01
6.342652821123730966e+00 6.911798701070169804e-01
6.458118101328262028e+00 7.020725370722296077e-01
6.575367959511406291e+00 7.131180570073959446e-01
6.694418929584060152e+00 7.243196362478191430e-01
6.815289291710423747e+00 7.356800504377000172e-01
6.937996034120295086e+00 7.472024355012409913e-01
7.062560804768969192e+00 7.588887874923677668e-01
7.189003285968960988e+00 7.707416590057860617e-01
7.317341764498092260e+00 7.827639923276605849e-01
7.447594103110019681e+00 7.949588665222226957e-01
7.579770222974341110e+00 8.073312848327687252e-01
7.713895401883801739e+00 8.198825787220179739e-01
7.850006849064476988e+00 8.326114017198802397e-01
7.988127701503872302e+00 8.455198784833574122e-01
8.128272270916053088e+00 8.586122295574746266e-01
8.270459398525694894e+00 8.718916445705301443e-01
8.414707226070952117e+00 8.853615081068845205e-01
8.561034057217522530e+00 8.990252013959815214e-01
8.709459504766146054e+00 9.128858530594717857e-01
8.859991056713621305e+00 9.269492757790694926e-01
9.012648649119881838e+00 9.412185465982457755e-01
9.167473570866102150e+00 9.556922409675768781e-01
9.324490052105058879e+00 9.703727651739091353e-01
9.483714022783825470e+00 9.852643459005292481e-01
9.645163032434750150e+00 1.000370891284990682e+00
9.808851809474541383e+00 1.015696920998441000e+00
9.974791998039547636e+00 1.031247595122555039e+00
1.014299549096427633e+01 1.047028016020701502e+00
1.031349753997760743e+01 1.063038611506292641e+00
1.048633101610759510e+01 1.079280446291177142e+00
1.066151128999703346e+01 1.095758168874854555e+00
1.083905278110421122e+01 1.112476635649015222e+00
1.101896589619552280e+01 1.129441497179261233e+00
1.120125798791430505e+01 1.146658984999782804e+00
1.138595740855302374e+01 1.164131319776132489e+00
1.157310313154373560e+01 1.181858834819983883e+00
1.176271448967681188e+01 1.199845713899754918e+00
1.195480305290198153e+01 1.218097637189834215e+00
1.214937379855887301e+01 1.236621510919496902e+00
1.234644079171159170e+01 1.255422559916623992e+00
1.254604150839802834e+01 1.274501799485926234e+00
1.274819961590445061e+01 1.293862894081540871e+00
1.295292224778005163e+01 1.313512548339177632e+00
1.316021256463887923e+01 1.333458172679213405e+00
1.337008519709975296e+01 1.353705144335954236e+00
1.358257646839471633e+01 1.374255097497535827e+00
1.379770291450817865e+01 1.395113257929012640e+00
1.401546412889774551e+01 1.416287831861820390e+00
1.423586606182439596e+01 1.437785920106362747e+00
1.445893751572200614e+01 1.459610754696469836e+00
1.468470063156462402e+01 1.481766818083410708e+00
1.491314975994243142e+01 1.504263354083662296e+00
1.514429228659725979e+01 1.527107409500536139e+00
1.537815382572544287e+01 1.550303047722910943e+00
1.561474578465945839e+01 1.573856791096072127e+00
1.585406320183957618e+01 1.597777905412365973e+00
1.609611797406661182e+01 1.622072912356987029e+00
1.634092919447871495e+01 1.646747240200598927e+00
1.658849546448627521e+01 1.671809719103217295e+00
1.683881479559735794e+01 1.697269304191742378e+00
1.709190732829965498e+01 1.723131459657246678e+00
1.734777212763502163e+01 1.749405104871100125e+00
1.760640375150204306e+01 1.776099917509445847e+00
1.786781815219146807e+01 1.803222258161887082e+00
1.813201211418968839e+01 1.830781591828673838e+00
1.839898251237026372e+01 1.858787426421744993e+00
1.866873967711232751e+01 1.887247252432477929e+00
1.894127603476717780e+01 1.916171424241533527e+00
1.921659590429229425e+01 1.945568535511879471e+00
1.949469858119884691e+01 1.975448047100253346e+00
1.977558219202511935e+01 2.005819689794117622e+00
2.005924941613868384e+01 2.036692600086766003e+00
2.034569575924829365e+01 2.068077107660314606e+00
2.063492571468101389e+01 2.099982291867568129e+00
2.092693720354089137e+01 2.132418341574505938e+00
2.122173421365666357e+01 2.165394657005058843e+00
2.151931479403912562e+01 2.198921655384241891e+00
2.181969031516690549e+01 2.233007907173320206e+00
2.212285706043721945e+01 2.267664368665994967e+00
2.242882931825353054e+01 2.302899478222250718e+00
2.273761112371284554e+01 2.338723349763204951e+00
2.304921544553527113e+01 2.375144944831438121e+00
2.336366018726030802e+01 2.412172678266019332e+00
2.368096079387322561e+01 2.449815507084239563e+00
2.400113955643014663e+01 2.488081575872754581e+00
2.432422072350635389e+01 2.526978939414124881e+00
2.465023536815702343e+01 2.566514862916564610e+00
2.497922137092956874e+01 2.606695835718869869e+00
2.531121849231549703e+01 2.647528291060342376e+00
2.564627891695535666e+01 2.689017091087898770e+00
2.598444320715295675e+01 2.731168994424957752e+00
2.632578882754170380e+01 2.773985683717367756e+00
2.667038126311857482e+01 2.817470802783699213e+00
2.701829585013836166e+01 2.861626818747465606e+00
2.736962755950709791e+01 2.906453632277072430e+00
2.772446963126720831e+01 2.951951637524866445e+00
2.808293891024177924e+01 2.998118108246829561e+00
2.844515010532715493e+01 3.044950873330309893e+00
2.881124003373242815e+01 3.092444865547574917e+00
2.918135914422575539e+01 3.140593336366211741e+00
2.955566864771722280e+01 3.189388267394299703e+00
2.993434840237159023e+01 3.238819256719772000e+00
3.031759157427417861e+01 3.288874283398380172e+00
3.070561019328058094e+01 3.339538928658969397e+00
3.109863951463815113e+01 3.390795771920794621e+00
3.149692592739829777e+01 3.442626113367962315e+00
3.190073836932899454e+01 3.495008377068310246e+00
3.231037807205040480e+01 3.547916762517700384e+00
3.272615238412591054e+01 3.601324960689379129e+00
3.314839563904436659e+01 3.655203244345579083e+00
3.357748329581040281e+01 3.709516528319483974e+00
3.401380985302095183e+01 3.764227528348859764e+00
3.445778708503802079e+01 3.819297063094480915e+00
3.490986834967841190e+01 3.874680722412920719e+00
3.537051443813917473e+01 3.930333729032404744e+00
3.584026549362801717e+01 3.986201006496483679e+00
3.631965391450140856e+01 4.042229456817318045e+00
3.680925051469167641e+01 4.098361649262359130e+00
3.730968339162842540e+01 4.154533379128533710e+00
3.782160621652119659e+01 4.210678260447189736e+00
3.834568869301729421e+01 4.266729227475376085e+00
3.888269116546915427e+01 4.322608509038241564e+00
3.943336649089275880e+01 4.378241398352158420e+00
3.999855638531891344e+01 4.433543343660271141e+00
4.057911117475816809e+01 4.488431261691186336e+00
4.117594115095432983e+01 4.542816889869019548e+00
4.179001737800036409e+01 4.596607125480686840e+00
4.242231877749395608e+01 4.649711564913338258e+00
4.307395056989125237e+01 4.702027147745938329e+00
4.374603538951719628e+01 4.753453304470151686e+00
4.443975898655089196e+01 4.803886412468853173e+00
4.515625630857240935e+01 4.853235209560105901e+00
4.589695527190830404e+01 4.901376681927122725e+00
4.666318295218910350e+01 4.948208179073428248e+00
4.745631690847435635e+01 4.993628159447096593e+00
4.827793541098557739e+01 5.037518060238036277e+00
4.912958794633369308e+01 5.079772339400050463e+00
5.001291665658897045e+01 5.120283827343586225e+00
5.092973154164953797e+01 5.158935630323502330e+00
5.188172144063919689e+01 5.195637233972582258e+00
5.287097502096118262e+01 5.230262507875348632e+00
5.389934668744855628e+01 5.262726856540412612e+00
5.496900502499498486e+01 5.292922778233821290e+00
5.608221322285824328e+01 5.320747489460466717e+00
5.724121128796766556e+01 5.346117024204564139e+00
5.844853255970384964e+01 5.368931622694805839e+00
5.970669952974981953e+01 5.389111098298375424e+00
6.101843376841561195e+01 5.406572653376487736e+00
6.238652337320101537e+01 5.421246378944472255e+00
6.381390733424928641e+01 5.433067189525061735e+00
6.530375245050447575e+01 5.441968459235308586e+00
6.685939955122442768e+01 5.447889199538160199e+00
6.848418157103004944e+01 5.450792531897674209e+00
7.018176762354545417e+01 5.450633220060745465e+00
7.195581086343757704e+01 5.447392150581845449e+00
7.381055949836340346e+01 5.441021769073390857e+00
7.575006680108491253e+01 5.431518908429088022e+00
7.777872816242590659e+01 5.418876801240360308e+00
7.990119019209426199e+01 5.403094857231861781e+00
8.212245781283466783e+01 5.384171602025161540e+00
8.444761277113993003e+01 5.362128260701120475e+00
8.688207680868710270e+01 5.336988373569501398e+00
8.943171974925084555e+01 5.308771944078604754e+00
9.210247302501306876e+01 5.277524634631708622e+00
9.490090892191635419e+01 5.243277687527259978e+00
9.783379504250662251e+01 5.206080862408749788e+00
1.009083597533388428e+02 5.165985372765875105e+00
1.041323658642168368e+02 5.123041571436901087e+00
1.075139016341931040e+02 5.077313325916769315e+00
1.110616729296870631e+02 5.028862038699736914e+00
1.147851861092669594e+02 4.977739987510511277e+00
1.186941792743352835e+02 4.924023166499575943e+00
1.227990515686936703e+02 4.867788667717492856e+00
1.271115073182848789e+02 4.809087451509543421e+00
1.316436988393906518e+02 4.747990127147079242e+00
1.364084949176704811e+02 4.684574719468756143e+00
1.414199422836095437e+02 4.618909630846277814e+00
1.466932142377887374e+02 4.551060811319447730e+00
1.522447043609216450e+02 4.481092369876021664e+00
1.580912737132697714e+02 4.409096436296903398e+00
1.642520919038337297e+02 4.335130169420392754e+00
1.707472700694157766e+02 4.259270000591977023e+00
1.775990759693341943e+02 4.181575622047867924e+00
1.848303644484457777e+02 4.102141858182227985e+00
1.924669416340784380e+02 4.021032247071974375e+00
2.005361513098750095e+02 3.938326347924591797e+00
2.090680391416761950e+02 3.854093338998060059e+00
2.180942177904025812e+02 3.768424647814079709e+00
2.276478198008781533e+02 3.681433805142142468e+00
2.377675669945184609e+02 3.593175875106124462e+00
2.484925641147070223e+02 3.503763719106788077e+00
2.598652231407781414e+02 3.413306997919378638e+00
2.719324106046940983e+02 3.321899225147154855e+00
2.847449265177427833e+02 3.229635286550490925e+00
2.983524909708556265e+02 3.136685973785372283e+00
3.128146108064425448e+02 3.043137385043527487e+00
3.281925943760990094e+02 2.949117521813705345e+00
3.445489196165274848e+02 2.854794665196171088e+00
3.619554740068400633e+02 2.760280991398865957e+00
3.804863717780679053e+02 2.665723039055713173e+00
4.002233960770651606e+02 2.571244534313298136e+00
4.212544900339503329e+02 2.476969052932439741e+00
4.436773845129326901e+02 2.382995208607553650e+00
4.675946184103042356e+02 2.289443847589429204e+00
4.931324951189016588e+02 2.196330408639552090e+00
5.204248489335362819e+02 2.103705956879420302e+00
5.496268472307040156e+02 2.011576939271557229e+00
5.809238502569509137e+02 1.919886705084198786e+00
6.145156174391339619e+02 1.828626395892371193e+00
6.506581690914824776e+02 1.737656367084297937e+00
6.896252379150598699e+02 1.646927102426887224e+00
7.317454293551948012e+02 1.556338823569652252e+00
7.773904190435359851e+02 1.465826734770383277e+00
8.269898845463511634e+02 1.375334901225254258e+00
8.810086222713409825e+02 1.284905248293176649e+00
9.399845762642162299e+02 1.194577554646117701e+00
1.004494593588734574e+03 1.104492409151468513e+00
1.075138145497780215e+03 1.014902348600346782e+00
1.152543089055860037e+03 9.261247397871168463e-01
1.237305583951062772e+03 8.386027871687993240e-01
1.329901602993175175e+03 7.529465909495792753e-01
1.430561056271824555e+03 6.699562827480891603e-01
1.539101804403265305e+03 5.906237382347124809e-01
1.654740705050359111e+03 5.161011011976815999e-01
1.775918433460974711e+03 4.476327676918070986e-01
1.900454871658057527e+03 3.862678949727753608e-01
2.025820403310008714e+03 3.326837198821078201e-01
2.149754615705105152e+03 2.869522982336809580e-01
2.271098039377187888e+03 2.483568943635262594e-01
2.389821333811988097e+03 2.157170829707841797e-01
2.506711510426090172e+03 1.877277527897209808e-01
2.622785156213530627e+03 1.632735387207127353e-01
2.738578041150381068e+03 1.416756841434997638e-01
2.854294586195172087e+03 1.225156011721473814e-01
2.969644670613612107e+03 1.056304694626615248e-01
3.084238312760190183e+03 9.091236669409653859e-02
3.198677541433808074e+03 7.793019666646180954e-02
3.314516645925184093e+03 6.601717413330558670e-02
3.431984820468836460e+03 5.502403643881572520e-02
3.549850478617772296e+03 4.525188246425679295e-02
3.667169485540166534e+03 3.686769465985701572e-02
3.783716565028370042e+03 2.981457949235711072e-02
3.899523614659870873e+03 2.397507224946841126e-02
4.014808145117804543e+03 1.920007976646542769e-02
4.130021591177167466e+03 1.530197281272933571e-02
4.245457942414528588e+03 1.215334762865254506e-02
4.361537476388116374e+03 9.612123249630821417e-03
4.478571296638601780e+03 7.576383614343671323e-03
4.596904202592319052e+03 5.947522158716450798e-03
4.716815201087333662e+03 4.651006572548156519e-03
4.838574459608450525e+03 3.621515500627559871e-03
4.962404258024962473e+03 2.809772533484061491e-03
5.088542939747078890e+03 2.168069331335807214e-03
5.217162860237925997e+03 1.665965495062657472e-03
5.348452821914226661e+03 1.272870007051166673e-03
5.482570693606391615e+03 9.668263771140360192e-04
5.619668557782410062e+03 7.291013472021665512e-04
5.759883432179965894e+03 5.455014883582753622e-04
5.903345046018871471e+03 4.045918372365152403e-04
6.050178860870368226e+03 2.969333325960824953e-04
6.200503798021237344e+03 2.152687403230749922e-04
6.354434434158249132e+03 1.539660766516622948e-04
6.512084362280414098e+03 1.083492777243755901e-04
6.673565079329079708e+03 7.478535434869938638e-05
6.838987769340142222e+03 5.032929389663390264e-05
7.008514947011302866e+03 2.529870174958024300e-05
7.182124174714201217e+03 1.701140188323135819e-05
7.360019446976405561e+03 1.068911749751942529e-05
7.542310896623237568e+03 5.711465878595885527e-06
7.729121230963140079e+03 2.256932485103992182e-07
7.920515092429219294e+03 2.256932485103992182e-07
8.116648381459208395e+03 2.256932485103992182e-07
8.317638459046114804e+03 2.256932485103992182e-07
8.523605592357233036e+03 2.256932485103992182e-07
8.734673026698903413e+03 2.256932485103992182e-07
8.950967059263213741e+03 2.256932485103992182e-07
9.172617114700962702e+03 2.256932485103992182e-07
9.399755822565904964e+03 2.256932485103992182e-07
9.632519096676816844e+03 2.256932485103992182e-07
9.871046216444727179e+03 2.256932485103992182e-07
1.011547991021408416e+04 2.256932485103992182e-07
1.036596644066758017e+04 2.256932485103992182e-07
1.062265569234592840e+04 2.256932485103992182e-07
1.088570126133480517e+04 2.256932485103992182e-07
1.115526054717271290e+04 2.256932485103992182e-07
1.143149484703468625e+04 2.256932485103992182e-07
1.171456945224836454e+04 2.256932485103992182e-07
1.200465374719983447e+04 2.256932485103992182e-07
1.230192131068887284e+04 2.256932485103992182e-07
1.260655001979390545e+04 2.256932485103992182e-07
1.291872215630895880e+04 2.256932485103992182e-07
1.323862451581629648e+04 2.256932485103992182e-07
1.356644851945995833e+04 2.256932485103992182e-07
1.390239032848714669e+04 2.256932485103992182e-07
1.424665096162590635e+04 2.256932485103992182e-07
1.459943641536955874e+04 2.256932485103992182e-07
1.496095778723939293e+04 2.256932485103992182e-07
1.533143140209999547e+04 2.256932485103992182e-07
1.571107894160230717e+04 2.256932485103992182e-07
1.610012757683207928e+04 2.256932485103992182e-07
1.649881010424307897e+04 2.256932485103992182e-07
1.690736508495634189e+04 2.256932485103992182e-07
1.732603698750884723e+04 2.256932485103992182e-07
1.775507633413715303e+04 2.256932485103992182e-07
1.819473985068314141e+04 2.256932485103992182e-07
1.864529062021209393e+04 2.256932485103992182e-07
1.910699824043465196e+04 2.256932485103992182e-07
1.958013898502699158e+04 2.256932485103992182e-07
2.006499596894569913e+04 2.256932485103992182e-07
2.056185931783630440e+04 2.256932485103992182e-07
2.107102634163682887e+04 2.256932485103992182e-07
2.159280171248018087e+04 2.256932485103992182e-07
2.212749764700208834e+04 2.256932485103992182e-07
2.267543409316306497e+04 2.256932485103992182e-07
2.323693892169701576e+04 2.256932485103992182e-07
2.381234812230038369e+04 2.256932485103992182e-07
2.440200600467955155e+04 2.256932485103992182e-07
2.500626540457669398e+04 2.256932485103992182e-07
2.562548789489738920e+04 2.256932485103992182e-07
2.626004400206626087e+04 2.256932485103992182e-07
2.691031342774045697e+04 2.256932485103992182e-07
2.757668527601276946e+04 2.256932485103992182e-07
2.825955828624153582e+04 2.256932485103992182e-07
2.895934107164565648e+04 2.256932485103992182e-07
2.967645236380800998e+04 2.256932485103992182e-07
3.041132126323340708e+04 2.256932485103992182e-07
3.116438749611100866e+04 2.256932485103992182e-07
3.193610167743484635e+04 2.256932485103992182e-07
3.272692558064018885e+04 2.256932485103992182e-07
3.353733241391626507e+04 2.256932485103992182e-07
3.436780710336178163e+04 2.256932485103992182e-07
3.521884658315192064e+04 2.256932485103992182e-07
3.609096009289058566e+04 2.256932485103992182e-07
3.698466948232601135e+04 2.256932485103992182e-07
3.790050952361191594e+04 2.256932485103992182e-07
3.883902823130102479e+04 2.256932485103992182e-07
3.980078719026249746e+04 2.256932485103992182e-07
4.078636189171982551e+04 2.256932485103992182e-07
4.179634207760913705e+04 2.256932485103992182e-07
4.283133209346555668e+04 2.256932485103992182e-07
4.389195125004759029e+04 2.256932485103992182e-07
4.497883419391631469e+04 2.256932485103992182e-07
4.609263128719122324e+04 2.256932485103992182e-07
4.723400899670975923e+04 2.256932485103992182e-07
4.840365029282337491e+04 2.256932485103992182e-07
4.960225505806947331e+04 2.256932485103992182e-07
5.083054050596199522e+04 2.256932485103992182e-07
5.208924161015360005e+04 2.256932485103992182e-07
5.337911154422429536e+04 2.256932485103992182e-07
5.470092213236078533e+04 2.256932485103992182e-07
5.605546431119567569e+04 2.256932485103992182e-07
5.744354860308312345e+04 2.256932485103992182e-07
5.886600560109406797e+04 2.256932485103992182e-07
6.032368646602109948e+04 2.256932485103992182e-07
6.181746343569119199e+04 2.256932485103992182e-07
6.334823034688903135e+04 2.256932485103992182e-07
6.491690317020595830e+04 2.256932485103992182e-07
6.652442055813247862e+04 2.256932485103992182e-07
6.817174440672316996e+04 2.256932485103992182e-07
6.985986043117003283e+04 2.256932485103992182e-07
7.158977875562837289e+04 2.256932485103992182e-07
7.336253451764832425e+04 2.256932485103992182e-07
7.517918848757467640e+04 2.256932485103992182e-07
7.704082770328277547e+04 2.256932485103992182e-07
7.894856612063410284e+04 2.256932485103992182e-07
8.090354528003788437e+04 2.256932485103992182e-07
8.290693498951883521e+04 2.256932485103992182e-07
8.495993402469942521e+04 2.256932485103992182e-07
8.706377084611570172e+04 2.256932485103992182e-07
8.921970433429544210e+04 2.256932485103992182e-07
9.142902454303989362e+04 2.256932485103992182e-07
9.369305347135684860e+04 2.256932485103992182e-07
9.601314585451077437e+04 2.256932485103992182e-07
9.839068997466047585e+04 2.256932485103992182e-07
1.008271084915706306e+05 2.256932485103992182e-07
1.033238592938938964e+05 2.256932485103992182e-07
1.058824363715330255e+05 2.256932485103992182e-07
1.085043707096050930e+05 2.256932485103992182e-07
1.111912312045424478e+05 2.256932485103992182e-07
1.139446256028798962e+05 2.256932485103992182e-07
1.167662014632865030e+05 2.256932485103992182e-07
1.196576471424222254e+05 2.256932485103992182e-07
1.226206928052057774e+05 2.256932485103992182e-07
1.256571114600998553e+05 2.256932485103992182e-07
1.287687200200324878e+05 2.256932485103992182e-07
1.319573803895900783e+05 2.256932485103992182e-07
1.352250005791316798e+05 2.256932485103992182e-07
1.385735358464932069e+05 2.256932485103992182e-07
1.420049898669605900e+05 2.256932485103992182e-07
1.455214159322174673e+05 2.256932485103992182e-07
1.491249181789803843e+05 2.256932485103992182e-07
1.528176528480588167e+05 2.256932485103992182e-07
1.566018295745931100e+05 2.256932485103992182e-07
1.604797127102415252e+05 2.256932485103992182e-07
1.644536226781089499e+05 2.256932485103992182e-07
1.685259373612264171e+05 2.256932485103992182e-07
1.726990935254151409e+05 2.256932485103992182e-07
1.769755882773808553e+05 2.256932485103992182e-07
1.813579805589181487e+05 2.256932485103992182e-07
1.858488926781133923e+05 2.256932485103992182e-07
1.904510118784647493e+05 2.256932485103992182e-07
1.951670919468581560e+05 2.256932485103992182e-07
1.999999548613604857e+05 2.256932485103992182e-07
