1.339329846765491938e+00 5.157135015753748497e-02
1.370846710458212492e+00 5.283594745377111906e-02
1.403522603350781939e+00 5.378859619991779861e-02
1.436564757499991130e+00 5.504505034345855835e-02
1.471659810861977169e+00 5.538784696056626988e-02
1.505336041273635850e+00 5.732710510080788607e-02
1.540632559804825830e+00 5.868573193427097101e-02
1.577184671338685451e+00 5.975845750341997331e-02
1.614020013087291483e+00 6.121609920040554931e-02
1.651801550906548233e+00 6.262048122598361244e-02
1.690724031287055507e+00 6.386527339495991218e-02
1.734139597472857952e+00 6.291518143767135807e-02
1.772237020349118897e+00 6.582074098224441339e-02
1.814199565145802939e+00 6.695037357147556878e-02
1.857386772424948873e+00 6.794831924324644390e-02
1.900552856591429585e+00 6.953730995612805721e-02
1.945292754889136777e+00 7.081446416092100626e-02
1.992130847391945236e+00 7.153076409050544704e-02
2.038840382821415886e+00 7.290824905455650651e-02
2.088274629835149998e+00 7.344922212630151936e-02
2.135804452028132516e+00 7.555082344160934937e-02
2.185116737718300062e+00 7.731098312427568675e-02
2.236169933024442003e+00 7.878334774480723335e-02
2.288346644864077462e+00 8.029043588047006519e-02
2.341058082673792562e+00 8.211511199534644867e-02
2.395463403388632173e+00 8.372581151885762074e-02
2.450008258989961885e+00 8.583719903769002069e-02
2.506539377937706981e+00 8.762965138193726244e-02
2.565325450059397827e+00 8.902138408479344511e-02
2.625566207891353532e+00 9.038334632328652585e-02
2.685925428345840249e+00 9.227385856459134617e-02
2.747794488594373252e+00 9.411897285615088149e-02
2.819338636256893516e+00 9.276017959964764914e-02
2.879616894645764980e+00 9.637897230687098027e-02
2.943539037921261592e+00 9.912963382470495188e-02
3.012491366645417390e+00 1.005663059300127699e-01
3.080859808743096728e+00 1.027914582045144076e-01
3.151203924352897090e+00 1.048724082942887742e-01
3.223916050646958631e+00 1.066956909996515102e-01
3.306215472760838381e+00 1.058700492335143406e-01
3.373155744404007450e+00 1.107649389098602083e-01
3.455292412127203505e+00 1.112123431105628141e-01
3.530798254499914801e+00 1.143773250521473855e-01
3.608007581014469611e+00 1.175347463029219608e-01
3.691746502932641949e+00 1.192314647670187633e-01
3.783478904234665041e+00 1.191383364093186736e-01
3.864247063449884223e+00 1.228804244707124987e-01
3.949110715073768318e+00 1.259585246904122713e-01
4.038529909163090181e+00 1.282925119079474374e-01
4.130402411535982310e+00 1.305140145143619812e-01
4.222131813913722276e+00 1.333390030034337925e-01
4.324059302025815121e+00 1.340267208404403998e-01
4.417677496838441797e+00 1.374812012394236727e-01
4.517181928184169415e+00 1.399714125077305971e-01
4.617138822622820271e+00 1.429096944121141521e-01
4.723073475325442416e+00 1.449419129560640951e-01
4.827144917371997579e+00 1.479979834763284763e-01
4.934684953429266052e+00 1.507880351036096078e-01
5.047487038883845756e+00 1.529297959743614599e-01
5.157548536658964622e+00 1.562668067238447700e-01
5.286362368693922065e+00 1.560264182554061130e-01
5.391727242694103417e+00 1.615023194461937261e-01
5.510748826177982451e+00 1.645568254680636056e-01
5.633277499480538353e+00 1.674370259981355080e-01
5.757584847202751099e+00 1.705165765685056900e-01
5.892105768021498768e+00 1.721162516741508441e-01
6.015866855018501269e+00 1.764306006615415090e-01
6.150899437726019769e+00 1.790961145614585748e-01
6.285006173742186952e+00 1.825116632929810745e-01
6.422400792839426664e+00 1.858698942864727977e-01
6.563816785991931191e+00 1.890532507653035210e-01
6.707219296969792133e+00 1.924455446681898052e-01
6.853600321796987416e+00 1.958744678256618410e-01
7.008227200434720139e+00 1.984488465949832969e-01
7.156409441984739495e+00 2.026958188650377912e-01
7.319826112650972938e+00 2.049624785408537542e-01
7.471467774565358155e+00 2.097389581362018307e-01
7.635875110499218188e+00 2.130035849329759146e-01
7.802037118538420302e+00 2.165674583794893471e-01
7.982671879974719609e+00 2.184823307246973323e-01
8.150021213379861962e+00 2.230158394356159257e-01
8.317571616263499834e+00 2.280543236874768287e-01
8.493220548191285246e+00 2.324378629349783676e-01
8.688259622088203571e+00 2.346047701995155887e-01
8.869371766541791047e+00 2.393420583525487644e-01
9.052830677681713567e+00 2.442938550344670445e-01
9.270610973939463761e+00 2.451518077934913553e-01
9.448698809531983045e+00 2.519355204390724134e-01
9.652639414316039890e+00 2.558309751356094841e-01
9.851768219425395046e+00 2.609166937156934263e-01
1.007099130485094918e+01 2.640133647085030066e-01
1.027771139725725646e+01 2.692605301977835097e-01
1.051378874755023674e+01 2.714850365193791637e-01
1.071234871449656190e+01 2.788190732893989776e-01
1.094026697971760775e+01 2.831847597502209490e-01
1.116406367475978456e+01 2.885999645182294460e-01
1.140373753529806145e+01 2.927558547675437328e-01
1.164505640160499844e+01 2.973149916058198672e-01
1.188352628252001608e+01 3.027617793577243588e-01
1.213281118277410542e+01 3.075918570749265335e-01
1.237769235059105988e+01 3.134612627441034638e-01
1.264129874478324744e+01 3.179185312218626991e-01
1.290356063380309060e+01 3.231040512506553330e-01
1.317336704750074539e+01 3.280978696304069353e-01
1.344946499340015222e+01 3.330461055972163131e-01
1.372574938132398614e+01 3.385586999571619793e-01
1.400729830771131823e+01 3.441335297174737962e-01
1.429335491195188368e+01 3.498512763890920252e-01
1.458198352675027110e+01 3.558973204583039673e-01
1.488071149246566982e+01 3.615795365782158433e-01
1.518112617368456085e+01 3.676848277808761334e-01
1.550387651391171140e+01 3.723757168445497867e-01
1.581106052685712626e+01 3.790360866744053037e-01
1.614692205523560276e+01 3.837900066729929560e-01
1.646747651935659462e+01 3.904526128052892564e-01
1.678672427288339009e+01 3.977857057713769517e-01
1.713273475501745224e+01 4.034701083558763779e-01
1.746599578867575886e+01 4.107816886949395840e-01
1.782300181200649902e+01 4.167578267781590351e-01
1.819003908735635733e+01 4.225454343266494273e-01
1.853605235477620639e+01 4.305592095438304234e-01
1.891689819837414177e+01 4.364696842526747944e-01
1.927959828305659329e+01 4.443475785889874352e-01
1.966198131244869884e+01 4.513285072247161245e-01
2.005593162888369108e+01 4.580535377949638276e-01
2.045471253545745327e+01 4.650290541093971552e-01
2.085195717466774923e+01 4.727061496394797668e-01
2.125027359143415495e+01 4.808862659212408963e-01
2.167250293264089933e+01 4.879915585876723472e-01
2.209772298821681247e+01 4.954962190957878376e-01
2.252054268466933706e+01 5.037557445542829582e-01
2.296463827578222094e+01 5.111927054663540915e-01
2.341217288206608416e+01 5.190114302630972620e-01
2.387123468559843431e+01 5.266911511239229515e-01
2.432599806552693877e+01 5.352485985234914923e-01
2.478493763948367601e+01 5.441335300409908537e-01
2.527356871804347804e+01 5.517773927233267095e-01
2.574621884104515246e+01 5.610105595394304645e-01
2.624248582740783320e+01 5.694143979963911528e-01
2.674660362487518839e+01 5.779646464962870933e-01
2.725972438903307093e+01 5.866011200465428566e-01
2.777204538021711855e+01 5.958962618895007335e-01
2.828582831996013525e+01 6.057093238837319982e-01
2.882595563373437741e+01 6.146389435488549546e-01
2.936907193066775790e+01 6.240231682654965306e-01
2.992534553572578204e+01 6.333023103720493152e-01
3.048782776864855748e+01 6.428676365233996215e-01
3.105541144246527452e+01 6.527801027770939735e-01
3.162854654202379123e+01 6.630160287457864676e-01
3.221449703333370707e+01 6.731990967714261975e-01
3.281609722021827480e+01 6.831985699148789282e-01
3.342162331306075629e+01 6.936280959521727851e-01
3.403356183020652992e+01 7.043606282417780307e-01
3.465944468779989762e+01 7.150255829359697390e-01
3.528965914044957231e+01 7.261083203680700482e-01
3.593304373720109623e+01 7.371799576707230850e-01
3.658502722189818712e+01 7.484722348716880136e-01
3.724952286262811896e+01 7.598056804941423215e-01
3.792176829502383129e+01 7.714143383209564053e-01
3.860262029258745287e+01 7.832624205797958927e-01
3.930137528477651188e+01 7.949303506519481699e-01
3.999907632156966741e+01 8.072935276882612365e-01
4.071457661406333273e+01 8.194999141120201669e-01
4.144590662284369387e+01 8.316547848113403640e-01
4.217975448459523591e+01 8.443550453035690850e-01
4.293212287669281579e+01 8.569042854980828405e-01
4.368604269401689066e+01 8.700468326133473651e-01
4.445881584324752822e+01 8.830445907940206451e-01
4.524161421405995753e+01 8.962854376404152390e-01
4.603422938605844195e+01 9.097839148698544376e-01
4.683956062319452940e+01 9.234265330281196116e-01
4.765830461443472643e+01 9.371940793707467243e-01
4.848625295079197883e+01 9.512656782010661116e-01
4.933077709769048624e+01 9.653521500366618602e-01
5.018048491377489029e+01 9.799161032107898128e-01
5.104478134101872655e+01 9.945898306601042016e-01
5.192475261958312416e+01 1.009341799201918022e+00
5.281856672276791187e+01 1.024253735530069376e+00
5.372245759789453956e+01 1.039477865641963872e+00
5.463903699810619941e+01 1.054921037384292770e+00
5.556999266781993896e+01 1.070528161634696884e+00
5.651354868800230946e+01 1.086374225003122085e+00
5.747501590362740842e+01 1.102272427750030204e+00
5.844768048476512945e+01 1.118478790617102980e+00
5.943658421351327092e+01 1.134818043875459814e+00
6.044026762095602834e+01 1.151352797656973292e+00
6.145812387408874855e+01 1.168113544028103190e+00
6.249095009153489855e+01 1.185080794792701786e+00
6.354022105463693748e+01 1.202212445807419705e+00
6.461005564574985272e+01 1.219377228074419728e+00
6.569432708939888244e+01 1.236797552354789387e+00
6.679254395939769040e+01 1.254498075772358723e+00
6.791274059357029103e+01 1.272217518760240695e+00
6.905497401039568217e+01 1.289968461029103119e+00
7.021716954516949727e+01 1.307833401651749217e+00
7.139461760956253045e+01 1.325978031114442013e+00
7.259491819805057844e+01 1.344164942811658880e+00
7.381380081783177616e+01 1.362545193655125830e+00
7.505757725200093944e+01 1.380929073655453365e+00
7.632488180054804161e+01 1.399375203851209948e+00
7.761301280057097074e+01 1.417982041805419646e+00
7.893396246849795261e+01 1.436391160314770099e+00
8.027785263186454756e+01 1.454926419013307770e+00
8.164595759420727461e+01 1.473562260007284630e+00
8.304479353728544311e+01 1.492117013437001205e+00
8.447102743803041847e+01 1.510708944475664284e+00
8.592785829216228422e+01 1.529259941106820397e+00
8.741969595302073515e+01 1.547659997157529554e+00
8.894146524287722855e+01 1.566077604461773021e+00
9.050840806173270892e+01 1.584094826550870305e+00
9.210767183609236497e+01 1.602105342909467822e+00
9.374670581507076861e+01 1.619919637439701576e+00
9.542898468836939685e+01 1.637466726605142586e+00
9.715999912846285724e+01 1.654624492270864389e+00
9.892885561974594566e+01 1.671719870825039811e+00
1.007458709956988088e+02 1.688499478302743828e+00
1.026023998883054560e+02 1.705222556197219408e+00
1.045060012277950108e+02 1.721714676904384067e+00
1.064464834213927560e+02 1.738267132798976045e+00
1.084319763489698687e+02 1.754692111125385479e+00
1.104680752294006538e+02 1.770875154074727620e+00
1.125738431827221859e+02 1.786374963902969126e+00
1.147661887680122845e+02 1.800827740040888525e+00
1.170499384689856726e+02 1.814183909333609179e+00
1.194387867483373498e+02 1.826191518176699669e+00
1.219427222024546609e+02 1.836706427172716927e+00
1.245677399381132062e+02 1.845692701881551656e+00
1.273141959658806002e+02 1.853251537935434179e+00
1.301962143778709162e+02 1.859182266538126793e+00
1.332172161462641213e+02 1.863539320544409961e+00
1.363697381245401914e+02 1.866611276877187420e+00
1.396821505412101772e+02 1.867934347752711721e+00
1.431472712304413903e+02 1.867809843517657997e+00
1.467811251756606623e+02 1.866068188620334523e+00
1.505819534592353932e+02 1.862906147453132544e+00
1.545648134560773030e+02 1.858200628935930965e+00
1.587200424222226331e+02 1.852297887312310820e+00
1.630791538821216022e+02 1.844798486537523319e+00
1.676304962752280119e+02 1.836091469513242425e+00
1.724247923150519455e+02 1.825510069664237900e+00
1.774902471000436890e+02 1.812842294091623119e+00
1.828760855732147377e+02 1.797604172257272870e+00
1.886193270321626017e+02 1.779587178612983100e+00
1.947520529820794195e+02 1.758720822365102965e+00
2.013001237562534982e+02 1.735073880405991531e+00
2.082876223847837593e+02 1.708775096690486883e+00
2.157457381155450378e+02 1.679893231612175075e+00
2.237116170245911917e+02 1.648466517199811410e+00
2.322416179867428525e+02 1.614365368160582737e+00
2.413957008126550647e+02 1.577508498014913441e+00
2.513052564683496826e+02 1.537180535254658142e+00
2.620681754252637461e+02 1.493227825402710707e+00
2.738290394206524070e+02 1.445231905633221903e+00
2.867491990929163990e+02 1.392878512476205755e+00
3.009980661306969978e+02 1.336051778633358778e+00
3.167630325471520791e+02 1.274756866061942606e+00
3.342170978232720131e+02 1.209347956505701704e+00
3.535380545113160338e+02 1.140325975023774197e+00
3.748598323422908720e+02 1.068571276054242070e+00
3.983089935540540978e+02 9.949985778648016144e-01
4.239742473307370005e+02 9.206424870580632858e-01
4.518717437825181946e+02 8.466905685262318126e-01
4.820651963881195456e+02 7.738906514288250715e-01
5.145494059455214710e+02 7.030556848011098037e-01
5.492931936627713867e+02 6.348391087299168900e-01
5.862476843435462115e+02 5.697171470645144842e-01
6.253258247569904142e+02 5.080629997681054277e-01
6.664077053073848447e+02 4.501373749786959921e-01
7.091846766859962372e+02 3.964105433758920993e-01
7.534874663202571128e+02 3.468515689465463403e-01
7.987637524303003147e+02 3.019692499732383739e-01
8.447257748290602422e+02 2.616143972857912781e-01
8.911787657680383745e+02 2.254648500973848724e-01
9.376662019156256065e+02 1.935503193367097974e-01
9.839287982707969604e+02 1.655975613465445473e-01
1.029954086204251325e+03 1.410843361145298069e-01
1.075451941598018038e+03 1.198707652859855310e-01
1.120266726505241877e+03 1.016934944530734769e-01
1.163918655643708007e+03 8.663302319859667033e-02
1.206455660524346058e+03 7.427994860321376902e-02
1.248033950749708083e+03 6.420609506580388093e-02
1.288498480314713333e+03 5.631035615055755839e-02
1.328315423246972387e+03 5.001992347886414364e-02
1.368080852881360215e+03 4.474498910955349712e-02
1.408071723691293073e+03 4.020896138526672964e-02
1.448735603961934885e+03 3.604719996528758796e-02
1.490086629853173235e+03 3.223947512854510172e-02
1.532394943428650777e+03 2.859539989746151534e-02
1.575645907987235205e+03 2.513242065055056387e-02
1.619780693168338530e+03 2.189360899642194339e-02
1.664922836036473882e+03 1.880507031164002640e-02
1.711073444476254508e+03 1.587404198683737069e-02
1.758248805944246669e+03 1.309807428084363949e-02
1.806227844719263658e+03 1.060768058233347959e-02
1.854941127857312040e+03 8.435913106898545316e-03
1.904371750848287547e+03 6.583970686411268723e-03
1.954538293618878470e+03 5.034253939376428892e-03
2.005447199284455337e+03 3.776726476555769887e-03
2.056279248630220991e+03 3.204722392233333612e-03
2.109424220790816889e+03 2.146095795120572455e-03
2.163407499854124580e+03 1.336259849043298139e-03
2.218402446270237306e+03 6.938827684350611829e-04
2.274912981799441695e+03 2.256932485103992182e-07
2.331245955118794427e+03 2.256932485103992182e-07
2.388973884600599376e+03 2.256932485103992182e-07
2.448131313117004083e+03 2.256932485103992182e-07
2.508753638914718977e+03 2.256932485103992182e-07
2.570877136796396371e+03 2.256932485103992182e-07
2.634538979826510513e+03 2.256932485103992182e-07
2.699777261574753538e+03 2.256932485103992182e-07
2.766631018910206421e+03 2.256932485103992182e-07
2.835140255359985076e+03 2.256932485103992182e-07
2.905345965046289621e+03 2.256932485103992182e-07
2.977290157216219995e+03 2.256932485103992182e-07
3.051015881378985341e+03 2.256932485103992182e-07
3.126567253065607019e+03 2.256932485103992182e-07
3.203989480226484829e+03 2.256932485103992182e-07
3.283328890282655721e+03 2.256932485103992182e-07
3.364632957846883528e+03 2.256932485103992182e-07
3.447950333131228035e+03 2.256932485103992182e-07
3.533330871058044067e+03 2.256932485103992182e-07
3.620825661091870188e+03 2.256932485103992182e-07
3.710487057809991256e+03 2.256932485103992182e-07
3.802368712230059373e+03 2.256932485103992182e-07
3.896525603913435589e+03 2.256932485103992182e-07
3.993014073863531848e+03 2.256932485103992182e-07
4.091891858238755958e+03 2.256932485103992182e-07
4.193218122900325397e+03 2.256932485103992182e-07
4.297053498815554121e+03 2.256932485103992182e-07
4.403460118337824497e+03 2.256932485103992182e-07
4.512501652384967201e+03 2.256932485103992182e-07
4.624243348538229839e+03 2.256932485103992182e-07
4.738752070084738079e+03 2.256932485103992182e-07
4.856096336026706012e+03 2.256932485103992182e-07
4.976346362081429106e+03 2.256932485103992182e-07
5.099574102696484260e+03 2.256932485103992182e-07
5.225853294105398163e+03 2.256932485103992182e-07
5.355259498449457169e+03 2.256932485103992182e-07
5.487870148992121358e+03 2.256932485103992182e-07
5.623764596453018385e+03 2.256932485103992182e-07
5.763024156489345842e+03 2.256932485103992182e-07
5.905732158353006525e+03 2.256932485103992182e-07
6.051973994752658655e+03 2.256932485103992182e-07
6.201837172950428794e+03 2.256932485103992182e-07
6.355411367123979289e+03 2.256932485103992182e-07
6.512788472025159535e+03 2.256932485103992182e-07
6.674062657967424457e+03 2.256932485103992182e-07
6.839330427174839315e+03 2.256932485103992182e-07
7.008690671526488586e+03 2.256932485103992182e-07
7.182244731730766944e+03 2.256932485103992182e-07
7.360096457964979891e+03 2.256932485103992182e-07
7.542352272016583811e+03 2.256932485103992182e-07
7.729121230963140079e+03 2.256932485103992182e-07
7.920515092429219294e+03 2.256932485103992182e-07
8.116648381459208395e+03 2.256932485103992182e-07
8.317638459046114804e+03 2.256932485103992182e-07
8.523605592357233036e+03 2.256932485103992182e-07
8.734673026698903413e+03 2.256932485103992182e-07
8.950967059263213741e+03 2.256932485103992182e-07
9.172617114700962702e+03 2.256932485103992182e-07
9.399755822565904964e+03 2.256932485103992182e-07
9.632519096676816844e+03 2.256932485103992182e-07
9.871046216444727179e+03 2.256932485103992182e-07
1.011547991021408416e+04 2.256932485103992182e-07
1.036596644066758017e+04 2.256932485103992182e-07
1.062265569234592840e+04 2.256932485103992182e-07
1.088570126133480517e+04 2.256932485103992182e-07
1.115526054717271290e+04 2.256932485103992182e-07
1.143149484703468625e+04 2.256932485103992182e-07
1.171456945224836454e+04 2.256932485103992182e-07
1.200465374719983447e+04 2.256932485103992182e-07
1.230192131068887284e+04 2.256932485103992182e-07
1.260655001979390545e+04 2.256932485103992182e-07
1.291872215630895880e+04 2.256932485103992182e-07
1.323862451581629648e+04 2.256932485103992182e-07
1.356644851945995833e+04 2.256932485103992182e-07
1.390239032848714669e+04 2.256932485103992182e-07
1.424665096162590635e+04 2.256932485103992182e-07
1.459943641536955874e+04 2.256932485103992182e-07
1.496095778723939293e+04 2.256932485103992182e-07
1.533143140209999547e+04 2.256932485103992182e-07
1.571107894160230717e+04 2.256932485103992182e-07
1.610012757683207928e+04 2.256932485103992182e-07
1.649881010424307897e+04 2.256932485103992182e-07
1.690736508495634189e+04 2.256932485103992182e-07
1.732603698750884723e+04 2.256932485103992182e-07
1.775507633413715303e+04 2.256932485103992182e-07
1.819473985068314141e+04 2.256932485103992182e-07
1.864529062021209393e+04 2.256932485103992182e-07
1.910699824043465196e+04 2.256932485103992182e-07
1.958013898502699158e+04 2.256932485103992182e-07
2.006499596894569913e+04 2.256932485103992182e-07
2.056185931783630440e+04 2.256932485103992182e-07
2.107102634163682887e+04 2.256932485103992182e-07
2.159280171248018087e+04 2.256932485103992182e-07
2.212749764700208834e+04 2.256932485103992182e-07
2.267543409316306497e+04 2.256932485103992182e-07
2.323693892169701576e+04 2.256932485103992182e-07
2.381234812230038369e+04 2.256932485103992182e-07
2.440200600467955155e+04 2.256932485103992182e-07
2.500626540457669398e+04 2.256932485103992182e-07
2.562548789489738920e+04 2.256932485103992182e-07
2.626004400206626087e+04 2.256932485103992182e-07
2.691031342774045697e+04 2.256932485103992182e-07
2.757668527601276946e+04 2.256932485103992182e-07
2.825955828624153582e+04 2.256932485103992182e-07
2.895934107164565648e+04 2.256932485103992182e-07
2.967645236380800998e+04 2.256932485103992182e-07
3.041132126323340708e+04 2.256932485103992182e-07
3.116438749611100866e+04 2.256932485103992182e-07
3.193610167743484635e+04 2.256932485103992182e-07
3.272692558064018885e+04 2.256932485103992182e-07
3.353733241391626507e+04 2.256932485103992182e-07
3.436780710336178163e+04 2.256932485103992182e-07
3.521884658315192064e+04 2.256932485103992182e-07
3.609096009289058566e+04 2.256932485103992182e-07
3.698466948232601135e+04 2.256932485103992182e-07
3.790050952361191594e+04 2.256932485103992182e-07
3.883902823130102479e+04 2.256932485103992182e-07
3.980078719026249746e+04 2.256932485103992182e-07
4.078636189171982551e+04 2.256932485103992182e-07
4.179634207760913705e+04 2.256932485103992182e-07
4.283133209346555668e+04 2.256932485103992182e-07
4.389195125004759029e+04 2.256932485103992182e-07
4.497883419391631469e+04 2.256932485103992182e-07
4.609263128719122324e+04 2.256932485103992182e-07
4.723400899670975923e+04 2.256932485103992182e-07
4.840365029282337491e+04 2.256932485103992182e-07
4.960225505806947331e+04 2.256932485103992182e-07
5.083054050596199522e+04 2.256932485103992182e-07
5.208924161015360005e+04 2.256932485103992182e-07
5.337911154422429536e+04 2.256932485103992182e-07
5.470092213236078533e+04 2.256932485103992182e-07
5.605546431119567569e+04 2.256932485103992182e-07
5.744354860308312345e+04 2.256932485103992182e-07
5.886600560109406797e+04 2.256932485103992182e-07
6.032368646602109948e+04 2.256932485103992182e-07
6.181746343569119199e+04 2.256932485103992182e-07
6.334823034688903135e+04 2.256932485103992182e-07
6.491690317020595830e+04 2.256932485103992182e-07
6.652442055813247862e+04 2.256932485103992182e-07
6.817174440672316996e+04 2.256932485103992182e-07
6.985986043117003283e+04 2.256932485103992182e-07
7.158977875562837289e+04 2.256932485103992182e-07
7.336253451764832425e+04 2.256932485103992182e-07
7.517918848757467640e+04 2.256932485103992182e-07
7.704082770328277547e+04 2.256932485103992182e-07
7.894856612063410284e+04 2.256932485103992182e-07
8.090354528003788437e+04 2.256932485103992182e-07
8.290693498951883521e+04 2.256932485103992182e-07
8.495993402469942521e+04 2.256932485103992182e-07
8.706377084611570172e+04 2.256932485103992182e-07
8.921970433429544210e+04 2.256932485103992182e-07
9.142902454303989362e+04 2.256932485103992182e-07
9.369305347135684860e+04 2.256932485103992182e-07
9.601314585451077437e+04 2.256932485103992182e-07
9.839068997466047585e+04 2.256932485103992182e-07
1.008271084915706306e+05 2.256932485103992182e-07
1.033238592938938964e+05 2.256932485103992182e-07
1.058824363715330255e+05 2.256932485103992182e-07
1.085043707096050930e+05 2.256932485103992182e-07
1.111912312045424478e+05 2.256932485103992182e-07
1.139446256028798962e+05 2.256932485103992182e-07
1.167662014632865030e+05 2.256932485103992182e-07
1.196576471424222254e+05 2.256932485103992182e-07
1.226206928052057774e+05 2.256932485103992182e-07
1.256571114600998553e+05 2.256932485103992182e-07
1.287687200200324878e+05 2.256932485103992182e-07
1.319573803895900783e+05 2.256932485103992182e-07
1.352250005791316798e+05 2.256932485103992182e-07
1.385735358464932069e+05 2.256932485103992182e-07
1.420049898669605900e+05 2.256932485103992182e-07
1.455214159322174673e+05 2.256932485103992182e-07
1.491249181789803843e+05 2.256932485103992182e-07
1.528176528480588167e+05 2.256932485103992182e-07
1.566018295745931100e+05 2.256932485103992182e-07
1.604797127102415252e+05 2.256932485103992182e-07
1.644536226781089499e+05 2.256932485103992182e-07
1.685259373612264171e+05 2.256932485103992182e-07
1.726990935254151409e+05 2.256932485103992182e-07
1.769755882773808553e+05 2.256932485103992182e-07
1.813579805589181487e+05 2.256932485103992182e-07
1.858488926781133923e+05 2.256932485103992182e-07
1.904510118784647493e+05 2.256932485103992182e-07
1.951670919468581560e+05 2.256932485103992182e-07
1.999999548613604857e+05 2.256932485103992182e-07
