9.560019849239433931e-01 7.192527823316366420e-02
9.783787436213680078e-01 7.334566005948932321e-02
1.001320952165450473e+00 7.472318038665765050e-02
1.024720929554746363e+00 7.618669820678450333e-02
1.048673921563314737e+00 7.764586024933739505e-02
1.073167675666932386e+00 7.912624902965824381e-02
1.098196065780466579e+00 8.064553325348161605e-02
1.123820418506423557e+00 8.215515941571603642e-02
1.149952163774506708e+00 8.375218151337501804e-02
1.176695897466596863e+00 8.534754128492005876e-02
1.204070444296536424e+00 8.693725997389918636e-02
1.231978997048630564e+00 8.862016647687213922e-02
1.260540392950602051e+00 9.030051952076412203e-02
1.289742479284321730e+00 9.200163435029136416e-02
1.319610009603315426e+00 9.371457075641388690e-02
1.350065387069974587e+00 9.551443069713816403e-02
1.381229410635011146e+00 9.731267320858069669e-02
1.413078836733602239e+00 9.914028776642465346e-02
1.445657884059316389e+00 1.009745917578781516e-01
1.478931007990204938e+00 1.028544945008983691e-01
1.512896640553416994e+00 1.047911335730865034e-01
1.547597521009826504e+00 1.067632243312488932e-01
1.583079560800181085e+00 1.087491762112967886e-01
1.619333890820872979e+00 1.107669604005097896e-01
1.656375439588876342e+00 1.128173364751283436e-01
1.694220428592018379e+00 1.149003649982087288e-01
1.732884514967122591e+00 1.170166777110634437e-01
1.772385299091106647e+00 1.191658398504347044e-01
1.812740350451843563e+00 1.213476817910290606e-01
1.853966300993729721e+00 1.235628273535581134e-01
1.896102651035195708e+00 1.257984834886102798e-01
1.939128154158942907e+00 1.280784410989202204e-01
1.983028684265270236e+00 1.304207522410024411e-01
2.027777288004094292e+00 1.328493768416615373e-01
2.073399670160366526e+00 1.353576904787192892e-01
2.119968905668873305e+00 1.379142779045942624e-01
2.167475063809344071e+00 1.405339953859211233e-01
2.215901420346511497e+00 1.432342188417469742e-01
2.265402607886291442e+00 1.459444390872591812e-01
2.315996732761613774e+00 1.486674691413280569e-01
2.367580246021403489e+00 1.514653217700654697e-01
2.420371275384578080e+00 1.542420374360687074e-01
2.474179816180809954e+00 1.571000818255405274e-01
2.529194934450947674e+00 1.599604646815976083e-01
2.585259136535715818e+00 1.629062792944254712e-01
2.642591228090229727e+00 1.658484905873282289e-01
2.701021134469085094e+00 1.688732721485347588e-01
2.760662844408922290e+00 1.719399170570676538e-01
2.821566463388298640e+00 1.750375325391502757e-01
2.883679620300334534e+00 1.781981108753086518e-01
2.947045210579636532e+00 1.814132529854906584e-01
3.011722745679083602e+00 1.846688100737220728e-01
3.077718542741277652e+00 1.879723947668302808e-01
3.145060023533008398e+00 1.913232518078959443e-01
3.213765745154643749e+00 1.947241590961885094e-01
3.283864857112094082e+00 1.981740069561266637e-01
3.355389604333163245e+00 2.016708377176194278e-01
3.428353266462617732e+00 2.052196856274215997e-01
3.502790249254140953e+00 2.088181093990832404e-01
3.578722531598069523e+00 2.124682326038564162e-01
3.656127438721807010e+00 2.161870583313368899e-01
3.735010957562350686e+00 2.199811747269637685e-01
3.815373535157554841e+00 2.238586258455348421e-01
3.897208925183364592e+00 2.278291342322423252e-01
3.980600023272152121e+00 2.318742808439865910e-01
4.065592891010069820e+00 2.359882655500526172e-01
4.152289206475975547e+00 2.401492302596182349e-01
4.240697686483239082e+00 2.443642794066483159e-01
4.330870979358052431e+00 2.486275406598951743e-01
4.422844841271781569e+00 2.529385112903025923e-01
4.516638703898129492e+00 2.573014521863545290e-01
4.612271575634411036e+00 2.617206308202129073e-01
4.709767118899303107e+00 2.661989492167504134e-01
4.809159314083510495e+00 2.707365582140247584e-01
4.910480719693059548e+00 2.753341384877454612e-01
5.013734142364568491e+00 2.800000910975788404e-01
5.118938611040358744e+00 2.847383472096736146e-01
5.226123512340051569e+00 2.895501778205876175e-01
5.335239269301500720e+00 2.944560831636665599e-01
5.446309107648278136e+00 2.994579848232740149e-01
5.559364093734906476e+00 3.045559718339323485e-01
5.674487921451671468e+00 3.097381133233989559e-01
5.791782427621009255e+00 3.149892704788975206e-01
5.911320591433170790e+00 3.203018794349222764e-01
6.033150482607212872e+00 3.256745030380580608e-01
6.157324241732557546e+00 3.311050897674573390e-01
6.283841856261984660e+00 3.366029886106684521e-01
6.412743386183019645e+00 3.421687405278128757e-01
6.544028732653700331e+00 3.478112911052717582e-01
6.677704209030597582e+00 3.535378864382232034e-01
6.813707480989230625e+00 3.593691700118750165e-01
6.952063215197448187e+00 3.653075603129629645e-01
7.092856246913997964e+00 3.713438280881652398e-01
7.236158490912702135e+00 3.774719069817701889e-01
7.382089503753333837e+00 3.836773153101466494e-01
7.530721037579398924e+00 3.899554278553971076e-01
7.682094682137909025e+00 3.963075460528894811e-01
7.836229381782594317e+00 4.027391141706688771e-01
7.993114688291879766e+00 4.092605976749787988e-01
8.152727549415471842e+00 4.158841864375224517e-01
8.315065343788388574e+00 4.226180038885944401e-01
8.480187017043462561e+00 4.294594616781434726e-01
8.648176958908932122e+00 4.364020382000168286e-01
8.819155825924417158e+00 4.434337998399513481e-01
8.993180895030894462e+00 4.505538773839747324e-01
9.170283991778099164e+00 4.577656571619325709e-01
9.350443400465943355e+00 4.650808810994709330e-01
9.533647672335774814e+00 4.725091946399526677e-01
9.719921445345123701e+00 4.800543539437946428e-01
9.909359542390744124e+00 4.877095136092150507e-01
1.010204794089637659e+01 4.954696647932341214e-01
1.029806729122546827e+01 5.033310044546986939e-01
1.049742597322456028e+01 5.113004984735081138e-01
1.070011043843298104e+01 5.193880024145128838e-01
1.090613497061493398e+01 5.275990916443004108e-01
1.111557456747288519e+01 5.359308011034122909e-01
1.132851292410346034e+01 5.443792869247874311e-01
1.154501776808821489e+01 5.529432082274793325e-01
1.176510022717262949e+01 5.616289613384923829e-01
1.198876457434415777e+01 5.704436599281182962e-01
1.221605752177955928e+01 5.793887133702635417e-01
1.244704944739320851e+01 5.884625890217389799e-01
1.268180538822814896e+01 5.976646571688450926e-01
1.292035435587840375e+01 6.069989540905226244e-01
1.316271521362915387e+01 6.164707128676488734e-01
1.340895350216818294e+01 6.260793977399933263e-01
1.365911563936106532e+01 6.358269428640666021e-01
1.391325586669023728e+01 6.457144159525941562e-01
1.417140153467545183e+01 6.557461291283059879e-01
1.443358339995074324e+01 6.659259476159528068e-01
1.469987805541765802e+01 6.762524791425278403e-01
1.497032238732743359e+01 6.867290269725058183e-01
1.524495539729776716e+01 6.973586592800880002e-01
1.552382626143814193e+01 7.081433377401862295e-01
1.580698258767027831e+01 7.190852606653933554e-01
1.609447715549615054e+01 7.301861270337582921e-01
1.638633436001845567e+01 7.414507332953198526e-01
1.668262330979397134e+01 7.528791199223520136e-01
1.698337942420046076e+01 7.644749851846180944e-01
1.728865500575848912e+01 7.762402889596561328e-01
1.759849252541390641e+01 7.881780648643110787e-01
1.791291630009823876e+01 8.002932005582683583e-01
1.823196486283456963e+01 8.125891218049663411e-01
1.855569784909302200e+01 8.250671954224965132e-01
1.888410992096629215e+01 8.377352171364471634e-01
1.921724451679346402e+01 8.505961239175670041e-01
1.955519869192646709e+01 8.636477867111527207e-01
1.989801492520089710e+01 8.768934779763380982e-01
2.024578004645354312e+01 8.903323636475906078e-01
2.059858070596885327e+01 9.039638278929996718e-01
2.095646489092484899e+01 9.177909866128596272e-01
2.131950441363724735e+01 9.318148441764645407e-01
2.168770850289275387e+01 9.460421523220431395e-01
2.206112956579956119e+01 9.604757371467081972e-01
2.243980208338061288e+01 9.751200675757901726e-01
2.282376152598349250e+01 9.899795314382290323e-01
2.321304936472289526e+01 1.005058009395856766e+00
2.360771160200289742e+01 1.020359027166942711e+00
2.400780108331658269e+01 1.035885578715009858e+00
2.441334430287621871e+01 1.051642942794656976e+00
2.482439324822304627e+01 1.067634266119949604e+00
2.524098515831745004e+01 1.083863982939083259e+00
2.566316969286954475e+01 1.100335538602470686e+00
2.609099379699606303e+01 1.117052663498717457e+00
2.652448400384268723e+01 1.134020788005883906e+00
2.696370698812654609e+01 1.151242143662919881e+00
2.740869549267333483e+01 1.168721760064083126e+00
2.785948347583913787e+01 1.186464595372343833e+00
2.831612921607433009e+01 1.204473744346942432e+00
2.877865780050900213e+01 1.222754957959938826e+00
2.924712463017304742e+01 1.241311676215930637e+00
2.972157744235752119e+01 1.260148009390510637e+00
3.020206277373116066e+01 1.279268228114404771e+00
3.068860607857600087e+01 1.298678250174894799e+00
3.118128497740777405e+01 1.318380137375961825e+00
3.168013136998644086e+01 1.338379465262527157e+00
3.218520007186557308e+01 1.358680169987067643e+00
3.269653056903346311e+01 1.379287393476767321e+00
3.321420567375900390e+01 1.400203206372173215e+00
3.373827456323682839e+01 1.421432240591737006e+00
3.426880461572293513e+01 1.442977910245634154e+00
3.480585322283084793e+01 1.464844451886415211e+00
3.534950446316877759e+01 1.487034320566617884e+00
3.589982282804394487e+01 1.509551485241697355e+00
3.645689935712022134e+01 1.532398178670102640e+00
3.702082009717717881e+01 1.555577131979026140e+00
3.759169800036962528e+01 1.579089373163511612e+00
3.816961112071704321e+01 1.602938495587235002e+00
3.875470468450253492e+01 1.627123664079379584e+00
3.934707679353216747e+01 1.651647450183594490e+00
3.994687189460589138e+01 1.676509471780306182e+00
4.055423914321514900e+01 1.701709253424017909e+00
4.116933605058886769e+01 1.727245988418633971e+00
4.179234865733457127e+01 1.753117220186712011e+00
4.242344496521472053e+01 1.779321939620568838e+00
4.306285145746537069e+01 1.805855560634121781e+00
4.371076723835907529e+01 1.832715582239419438e+00
4.436745209859893890e+01 1.859895857065416713e+00
4.503315790332582935e+01 1.887391088953079166e+00
4.570819918236841772e+01 1.915192310034568246e+00
4.639283905812519748e+01 1.943294216641550998e+00
4.708743941435352554e+01 1.971685599307019032e+00
4.779236463435131554e+01 2.000355544277299558e+00
4.850802474204974857e+01 2.029290737327868577e+00
4.923480898563803265e+01 2.058479659712472376e+00
4.997317865977638718e+01 2.087906814459591587e+00
5.072365597911613122e+01 2.117553526230385952e+00
5.148673335598073209e+01 2.147403586966201150e+00
5.226302091217448265e+01 2.177434239377752601e+00
5.305309873045824531e+01 2.207625310083003001e+00
5.385764359011574243e+01 2.237951546390900326e+00
5.467741506574543564e+01 2.268383621693672136e+00
5.551311495458334377e+01 2.298896647736922816e+00
5.636554140055398676e+01 2.329460988027523882e+00
5.723562780887679935e+01 2.360040166748023527e+00
5.812428214851981068e+01 2.390600520175886867e+00
5.903251105252264352e+01 2.421103994839399753e+00
5.996136370957723472e+01 2.451511607608354737e+00
6.091196402845821467e+01 2.481781740589203977e+00
6.188557186897486417e+01 2.511866873648876730e+00
6.288343358399460215e+01 2.541722352767192827e+00
6.390689970004788023e+01 2.571299861814317467e+00
6.495745112183800529e+01 2.600546280564414392e+00
6.603660461306726859e+01 2.629409270994247816e+00
6.714602869361993953e+01 2.657831152321354029e+00
6.828732868931513167e+01 2.685760985239239229e+00
6.946248340903051144e+01 2.713131185314083815e+00
7.067329768876609819e+01 2.739887595471155901e+00
7.192188110513356492e+01 2.765964091194480279e+00
7.321026155297388982e+01 2.791303576985186830e+00
7.454072764761295389e+01 2.815840364624960568e+00
7.591569673326398515e+01 2.839507763183229727e+00
7.733755083070559522e+01 2.862246821031332100e+00
7.880897681364854179e+01 2.883989582752625402e+00
8.033258229539811168e+01 2.904678889584817458e+00
8.191135199787983368e+01 2.924246362439944402e+00
8.354811753744188252e+01 2.942638842584199388e+00
8.524615892653993399e+01 2.959789981157426642e+00
8.700853430393458154e+01 2.975652579209092874e+00
8.883878316516505436e+01 2.990166184207316391e+00
9.074043170491583510e+01 3.003280771486373624e+00
9.271695706166256912e+01 3.014958203082875432e+00
9.477242499844969359e+01 3.025144831046911786e+00
9.691072155566774882e+01 3.033805783894024000e+00
9.913605316837652026e+01 3.040903631948192132e+00
1.014525473007209797e+02 3.046415436869315929e+00
1.038648446401293342e+02 3.050308985811780005e+00
1.063774987516132313e+02 3.052567557172505275e+00
1.089954047613782109e+02 3.053173140635611738e+00
1.117235059241584452e+02 3.052118110063113399e+00
1.145671324831138804e+02 3.049392876426036292e+00
1.175315219119564034e+02 3.045003525714421677e+00
1.206224173970375801e+02 3.038950615144190071e+00
1.238457828172980157e+02 3.031240002481889295e+00
1.272075313868685669e+02 3.021891584781723594e+00
1.307142952861206879e+02 3.010914505636914651e+00
1.343725409474802746e+02 2.998335820485866332e+00
1.381895025306325522e+02 2.984171738994264800e+00
1.421725440757020067e+02 2.968447833108724065e+00
1.463290434304373093e+02 2.951201550769913862e+00
1.506676452517588984e+02 2.932448311701083554e+00
1.551966487133070700e+02 2.912226508394057056e+00
1.599253398577623102e+02 2.890562125941196214e+00
1.648634190865368794e+02 2.867485028828599347e+00
1.700212542445994757e+02 2.843023450366886973e+00
1.754098250948858890e+02 2.817206382356732153e+00
1.810410533277783429e+02 2.790057472417056594e+00
1.869276668880313537e+02 2.761599764528154477e+00
1.930828324032687817e+02 2.731864061825509893e+00
1.995220592913206588e+02 2.700853252657026360e+00
2.062612011317161205e+02 2.668584673599030843e+00
2.133175848833068642e+02 2.635069664575283799e+00
2.207094930489754177e+02 2.600324864661670787e+00
2.284586166325384511e+02 2.564334603984899985e+00
2.365878144158090777e+02 2.527093267618935268e+00
2.451206335079504868e+02 2.488612659873652433e+00
2.540856433477679843e+02 2.448861885152442852e+00
2.635128505633450686e+02 2.407826196101149563e+00
2.734361252249524341e+02 2.365477190637693461e+00
2.838923474115497356e+02 2.321789923940463574e+00
2.949235236031017848e+02 2.276723092934943349e+00
3.065747856235282143e+02 2.230249212148340376e+00
3.189009564337115421e+02 2.182291415942947843e+00
3.319558740026149621e+02 2.132843625021364264e+00
3.458088539460254651e+02 2.081812935446346824e+00
3.605326624737093653e+02 2.029152047164492156e+00
3.762106824216324412e+02 1.974800682223484261e+00
3.929382024839113683e+02 1.918690523225556666e+00
4.108241081299938173e+02 1.860748557416561422e+00
4.299879579784974339e+02 1.800932366868512657e+00
4.505719348039937699e+02 1.739164313862466615e+00
4.727353147241957458e+02 1.675392356243267766e+00
4.966584980635298621e+02 1.609582097222796992e+00
5.225459394176150454e+02 1.541719755237508371e+00
5.506308208330865455e+02 1.471809127177908350e+00
5.811683616660366170e+02 1.399920145472520527e+00
6.144421712698039073e+02 1.326167835763531810e+00
6.507424011128041457e+02 1.250796663552561583e+00
6.903512561540618435e+02 1.174195313754628600e+00
7.334911784993064430e+02 1.096993509646082776e+00
7.802601062562500829e+02 1.020114032485452515e+00
8.304856879315534570e+02 9.449410474081684219e-01
8.836104946230747146e+02 8.732728372930915750e-01
9.385589569736556541e+02 8.072725367205741964e-01
9.937384786908222623e+02 7.491876720587797855e-01
1.047308292061748261e+03 7.008157893050334097e-01
1.097767785200612252e+03 6.628177264478393171e-01
1.144619787222515697e+03 6.342450750125669945e-01
1.188609620433624741e+03 6.127331006563626614e-01
1.231462690361247496e+03 5.951583032913032589e-01
1.275320961110507142e+03 5.784428282794441545e-01
1.322165358382381783e+03 5.602201643725044367e-01
1.373561977412824263e+03 5.390286583375868412e-01
1.430588366726011145e+03 5.142709285348134873e-01
1.493919242650431670e+03 4.859851149401197001e-01
1.563873429764578987e+03 4.546659927423933323e-01
1.640539043234095061e+03 4.210246875134029398e-01
1.723829589270680572e+03 3.858530092795339206e-01
1.813493677886431442e+03 3.499533499873745956e-01
1.909112483736491413e+03 3.140944949526363605e-01
2.010077509918170335e+03 2.789943195427666556e-01
2.115587406937986998e+03 2.452993271676228715e-01
2.224776918020009816e+03 2.135049806696942831e-01
2.336651156464510223e+03 1.840156951396306195e-01
2.450240124050475515e+03 1.570869595202150637e-01
2.564605233688991575e+03 1.328630943266601028e-01
2.678899585263502559e+03 1.113857516528206082e-01
2.792397652533930795e+03 9.261536128425666703e-02
2.904580970396565135e+03 7.642651059710468819e-02
3.015206237674703061e+03 6.261063117731024974e-02
3.124057061060590968e+03 5.098260599412882815e-02
3.231324734031494245e+03 4.125521083856263649e-02
3.337134941980780241e+03 3.320697881751934893e-02
3.441802839974673589e+03 2.659328055321348930e-02
3.545716525990389073e+03 2.118329306554114430e-02
3.649171764043982876e+03 1.680275283340901260e-02
3.752587028500902761e+03 1.326619250133441279e-02
3.856339145259308680e+03 1.042111094483265041e-02
3.960756724246868998e+03 8.144466590311684462e-03
4.066131671985766388e+03 6.335532600392860050e-03
4.172763410412749181e+03 4.902185160450510393e-03
4.280914241009455509e+03 3.770275860105872824e-03
4.390812349067254218e+03 2.880734154916831345e-03
4.502658145599044474e+03 2.186380779696096670e-03
4.616644005818769074e+03 1.646301159540233643e-03
4.732935663510824270e+03 1.229147508408515036e-03
4.851688674881595034e+03 9.087056958319867511e-04
4.973037307790043997e+03 6.656248916486744594e-04
5.097121483158603041e+03 4.814031773489464401e-04
5.224054731480507144e+03 3.445105683621986340e-04
5.353957344588652632e+03 2.434390905326358023e-04
5.486938068855832171e+03 1.700982770023296128e-04
5.623104100623050726e+03 1.176867907522426002e-04
5.762558030556090671e+03 8.111442981052836474e-05
5.905401080979183462e+03 5.628919240892068767e-05
6.051727999028027625e+03 4.087454266637989271e-05
6.201645420227612703e+03 3.114535296769471202e-05
6.355263992610306559e+03 2.341505990666262679e-05
6.512672340638396236e+03 1.805730013704860684e-05
6.673969669944200177e+03 1.415863703012524496e-05
6.839255546332411541e+03 1.117437893822349191e-05
7.008591702978184912e+03 1.434672851978437285e-05
7.182177066043196646e+03 9.647029177707270380e-06
7.360053504695370975e+03 6.061694206454430922e-06
7.542329545322319063e+03 3.238913402485593125e-06
7.729121230963140079e+03 2.256932485103992182e-07
7.920515092429219294e+03 2.256932485103992182e-07
8.116648381459208395e+03 2.256932485103992182e-07
8.317638459046114804e+03 2.256932485103992182e-07
8.523605592357233036e+03 2.256932485103992182e-07
8.734673026698903413e+03 2.256932485103992182e-07
8.950967059263213741e+03 2.256932485103992182e-07
9.172617114700962702e+03 2.256932485103992182e-07
9.399755822565904964e+03 2.256932485103992182e-07
9.632519096676816844e+03 2.256932485103992182e-07
9.871046216444727179e+03 2.256932485103992182e-07
1.011547991021408416e+04 2.256932485103992182e-07
1.036596644066758017e+04 2.256932485103992182e-07
1.062265569234592840e+04 2.256932485103992182e-07
1.088570126133480517e+04 2.256932485103992182e-07
1.115526054717271290e+04 2.256932485103992182e-07
1.143149484703468625e+04 2.256932485103992182e-07
1.171456945224836454e+04 2.256932485103992182e-07
1.200465374719983447e+04 2.256932485103992182e-07
1.230192131068887284e+04 2.256932485103992182e-07
1.260655001979390545e+04 2.256932485103992182e-07
1.291872215630895880e+04 2.256932485103992182e-07
1.323862451581629648e+04 2.256932485103992182e-07
1.356644851945995833e+04 2.256932485103992182e-07
1.390239032848714669e+04 2.256932485103992182e-07
1.424665096162590635e+04 2.256932485103992182e-07
1.459943641536955874e+04 2.256932485103992182e-07
1.496095778723939293e+04 2.256932485103992182e-07
1.533143140209999547e+04 2.256932485103992182e-07
1.571107894160230717e+04 2.256932485103992182e-07
1.610012757683207928e+04 2.256932485103992182e-07
1.649881010424307897e+04 2.256932485103992182e-07
1.690736508495634189e+04 2.256932485103992182e-07
1.732603698750884723e+04 2.256932485103992182e-07
1.775507633413715303e+04 2.256932485103992182e-07
1.819473985068314141e+04 2.256932485103992182e-07
1.864529062021209393e+04 2.256932485103992182e-07
1.910699824043465196e+04 2.256932485103992182e-07
1.958013898502699158e+04 2.256932485103992182e-07
2.006499596894569913e+04 2.256932485103992182e-07
2.056185931783630440e+04 2.256932485103992182e-07
2.107102634163682887e+04 2.256932485103992182e-07
2.159280171248018087e+04 2.256932485103992182e-07
2.212749764700208834e+04 2.256932485103992182e-07
2.267543409316306497e+04 2.256932485103992182e-07
2.323693892169701576e+04 2.256932485103992182e-07
2.381234812230038369e+04 2.256932485103992182e-07
2.440200600467955155e+04 2.256932485103992182e-07
2.500626540457669398e+04 2.256932485103992182e-07
2.562548789489738920e+04 2.256932485103992182e-07
2.626004400206626087e+04 2.256932485103992182e-07
2.691031342774045697e+04 2.256932485103992182e-07
2.757668527601276946e+04 2.256932485103992182e-07
2.825955828624153582e+04 2.256932485103992182e-07
2.895934107164565648e+04 2.256932485103992182e-07
2.967645236380800998e+04 2.256932485103992182e-07
3.041132126323340708e+04 2.256932485103992182e-07
3.116438749611100866e+04 2.256932485103992182e-07
3.193610167743484635e+04 2.256932485103992182e-07
3.272692558064018885e+04 2.256932485103992182e-07
3.353733241391626507e+04 2.256932485103992182e-07
3.436780710336178163e+04 2.256932485103992182e-07
3.521884658315192064e+04 2.256932485103992182e-07
3.609096009289058566e+04 2.256932485103992182e-07
3.698466948232601135e+04 2.256932485103992182e-07
3.790050952361191594e+04 2.256932485103992182e-07
3.883902823130102479e+04 2.256932485103992182e-07
3.980078719026249746e+04 2.256932485103992182e-07
4.078636189171982551e+04 2.256932485103992182e-07
4.179634207760913705e+04 2.256932485103992182e-07
4.283133209346555668e+04 2.256932485103992182e-07
4.389195125004759029e+04 2.256932485103992182e-07
4.497883419391631469e+04 2.256932485103992182e-07
4.609263128719122324e+04 2.256932485103992182e-07
4.723400899670975923e+04 2.256932485103992182e-07
4.840365029282337491e+04 2.256932485103992182e-07
4.960225505806947331e+04 2.256932485103992182e-07
5.083054050596199522e+04 2.256932485103992182e-07
5.208924161015360005e+04 2.256932485103992182e-07
5.337911154422429536e+04 2.256932485103992182e-07
5.470092213236078533e+04 2.256932485103992182e-07
5.605546431119567569e+04 2.256932485103992182e-07
5.744354860308312345e+04 2.256932485103992182e-07
5.886600560109406797e+04 2.256932485103992182e-07
6.032368646602109948e+04 2.256932485103992182e-07
6.181746343569119199e+04 2.256932485103992182e-07
6.334823034688903135e+04 2.256932485103992182e-07
6.491690317020595830e+04 2.256932485103992182e-07
6.652442055813247862e+04 2.256932485103992182e-07
6.817174440672316996e+04 2.256932485103992182e-07
6.985986043117003283e+04 2.256932485103992182e-07
7.158977875562837289e+04 2.256932485103992182e-07
7.336253451764832425e+04 2.256932485103992182e-07
7.517918848757467640e+04 2.256932485103992182e-07
7.704082770328277547e+04 2.256932485103992182e-07
7.894856612063410284e+04 2.256932485103992182e-07
8.090354528003788437e+04 2.256932485103992182e-07
8.290693498951883521e+04 2.256932485103992182e-07
8.495993402469942521e+04 2.256932485103992182e-07
8.706377084611570172e+04 2.256932485103992182e-07
8.921970433429544210e+04 2.256932485103992182e-07
9.142902454303989362e+04 2.256932485103992182e-07
9.369305347135684860e+04 2.256932485103992182e-07
9.601314585451077437e+04 2.256932485103992182e-07
9.839068997466047585e+04 2.256932485103992182e-07
1.008271084915706306e+05 2.256932485103992182e-07
1.033238592938938964e+05 2.256932485103992182e-07
1.058824363715330255e+05 2.256932485103992182e-07
1.085043707096050930e+05 2.256932485103992182e-07
1.111912312045424478e+05 2.256932485103992182e-07
1.139446256028798962e+05 2.256932485103992182e-07
1.167662014632865030e+05 2.256932485103992182e-07
1.196576471424222254e+05 2.256932485103992182e-07
1.226206928052057774e+05 2.256932485103992182e-07
1.256571114600998553e+05 2.256932485103992182e-07
1.287687200200324878e+05 2.256932485103992182e-07
1.319573803895900783e+05 2.256932485103992182e-07
1.352250005791316798e+05 2.256932485103992182e-07
1.385735358464932069e+05 2.256932485103992182e-07
1.420049898669605900e+05 2.256932485103992182e-07
1.455214159322174673e+05 2.256932485103992182e-07
1.491249181789803843e+05 2.256932485103992182e-07
1.528176528480588167e+05 2.256932485103992182e-07
1.566018295745931100e+05 2.256932485103992182e-07
1.604797127102415252e+05 2.256932485103992182e-07
1.644536226781089499e+05 2.256932485103992182e-07
1.685259373612264171e+05 2.256932485103992182e-07
1.726990935254151409e+05 2.256932485103992182e-07
1.769755882773808553e+05 2.256932485103992182e-07
1.813579805589181487e+05 2.256932485103992182e-07
1.858488926781133923e+05 2.256932485103992182e-07
1.904510118784647493e+05 2.256932485103992182e-07
1.951670919468581560e+05 2.256932485103992182e-07
1.999999548613604857e+05 2.256932485103992182e-07
