3.000000000000000000e+00 9.720924721827301363e-18
3.023379074186677951e+00 9.571346615081868917e-18
3.046940342076630781e+00 9.472316306838337465e-18
3.070685223509894257e+00 9.429164404116308398e-18
3.094615149391351849e+00 9.449770575345279230e-18
3.118731561776963979e+00 9.545705375044523125e-18
3.143035913960669614e+00 9.734104920638525585e-18
3.167529670561962885e+00 1.004088305282779237e-17
3.192214307614152702e+00 1.050653357716628296e-17
3.217091312653314272e+00 1.119732486499089018e-17
3.242162184807927616e+00 1.222878983253191979e-17
3.267428434889215527e+00 1.382077687075290461e-17
3.292891585482193850e+00 1.644778069541005131e-17
3.318553171037419425e+00 2.135489033757210625e-17
3.344414737963458339e+00 3.318380089227458929e-17
3.370477844720079830e+00 9.632897865087945802e-17
3.396744061912168711e+00 7.806258301436395528e-17
3.423214972384368782e+00 2.509191208016334419e-17
3.449892171316475409e+00 1.404376643397026621e-17
3.476777266319557746e+00 9.313468704795740248e-18
3.503871877532837242e+00 6.715757702636146008e-18
3.531177637721321538e+00 5.091394150448494588e-18
3.558696192374196876e+00 3.991155432480596394e-18
3.586429199803984336e+00 3.204557237456057689e-18
3.614378331246479004e+00 2.619977748551578195e-18
3.642545270961456083e+00 2.172857167400633616e-18
3.670931716334169703e+00 1.823500976050511729e-18
3.699539377977637766e+00 1.546729669218012812e-18
3.728369979835728820e+00 1.327694558095903705e-18
3.757425259287050068e+00 1.167025068057725784e-18
3.786706967249639177e+00 1.195755329955428949e-18
3.816216868286484765e+00 1.865024845452789245e-18
3.845956740711859112e+00 8.106736329625227956e-19
3.875928376698477340e+00 6.664856569867376324e-19
3.906133582385504788e+00 5.747448055020171188e-19
3.936574177987393064e+00 5.020577970905108675e-19
3.967251997903568306e+00 4.412814655825031952e-19
3.998168890828979194e+00 3.894260693288855633e-19
4.029326719865498063e+00 3.447219045416365620e-19
4.060727362634198201e+00 3.059286567534326640e-19
4.092372711388496676e+00 2.721026395839215884e-19
4.124264673128191561e+00 2.424945237756092545e-19
4.156405169714378012e+00 2.164945392070793632e-19
4.188796137985258738e+00 1.935986815035051394e-19
4.221439529872867524e+00 1.733858073146267670e-19
4.254337312520692471e+00 1.555011162529206177e-19
4.287491468402215844e+00 1.396437392268568016e-19
4.320903995440390055e+00 1.255571472717577319e-19
4.354576907128027585e+00 1.130215906859022718e-19
4.388512232649141254e+00 1.018480495601467446e-19
4.422712017001222407e+00 9.187333738611478401e-20
4.457178321118484554e+00 8.295610080555231138e-20
4.491913221996044037e+00 7.497352592226057762e-20
4.526918812815098114e+00 6.781860819358718513e-20
4.562197203069056073e+00 6.139787618524969783e-20
4.597750518690657096e+00 5.562948382249158328e-20
4.633580902180091776e+00 5.044160395032192232e-20
4.669690512734105958e+00 4.577106980952065246e-20
4.706081526376117985e+00 4.156222164168669689e-20
4.742756136087351138e+00 3.776592388443240912e-20
4.779716551938987479e+00 3.433872489349279299e-20
4.816965001225343990e+00 3.124213625578414586e-20
4.854503728598102974e+00 2.844201284732346061e-20
4.892334996201570085e+00 2.590801807424258573e-20
4.930461083808994616e+00 2.361316138850250654e-20
4.968884288959960038e+00 2.153339732550374900e-20
5.007606927098831484e+00 1.964727707092415878e-20
5.046631331714285906e+00 1.793564500818118531e-20
5.085959854479939146e+00 1.638137388792922889e-20
5.125594865396055688e+00 1.496913324571229311e-20
5.165538752932373079e+00 1.368518651193493399e-20
5.205793924172026799e+00 1.251721294036956909e-20
5.246362804956618220e+00 1.145415105210431490e-20
5.287247840032386570e+00 1.048606077091282181e-20
5.328451493197543520e+00 9.604001829448937028e-21
5.369976247450735762e+00 8.799926366434811745e-21
5.411824605140684419e+00 8.066583923634851099e-21
5.453999088116976424e+00 7.397437296569899618e-21
5.496502237882029185e+00 6.786587901693329468e-21
5.539336615744256065e+00 6.228709500973421828e-21
5.582504802972412250e+00 5.718989277345690827e-21
5.626009400951136996e+00 5.253075385309659949e-21
5.669853031337731331e+00 4.827030213393500162e-21
5.714038336220133019e+00 4.437288692068957420e-21
5.758567978276136756e+00 4.080621064308597981e-21
5.803444640933850707e+00 3.754099608283510933e-21
5.848671028533408034e+00 3.455068864349478741e-21
5.894249866489925438e+00 3.181118972855949159e-21
5.940183901457753102e+00 2.930061776597031800e-21
5.986475901495984075e+00 2.699909382914001349e-21
6.033128656235260401e+00 2.488854916388701075e-21
6.080144977045891963e+00 2.295255224468559844e-21
6.127527697207263202e+00 2.117615325832826458e-21
6.175279672078572979e+00 1.954574415389452820e-21
6.223403779270908487e+00 1.804893260922624588e-21
6.271902918820651429e+00 1.667442844980657659e-21
6.320780013364233341e+00 1.541194121926225696e-21
6.370038008314270250e+00 1.425208774479556655e-21
6.419679872037050039e+00 1.318630866774514445e-21
6.469708596031408021e+00 1.220679302177664555e-21
6.520127195109008511e+00 1.130641004035697186e-21
6.570938707576019056e+00 1.047864746311865654e-21
6.622146195416195980e+00 9.717555688640485107e-22
6.673752744475415000e+00 9.017697190418648863e-22
6.725761464647628252e+00 8.374100674439280794e-22
6.778175490062257502e+00 7.782219511539461204e-22
6.830997979273086607e+00 7.237894027007533491e-22
6.884232115448578604e+00 6.737317273491710300e-22
6.937881106563702716e+00 6.277003953008347498e-22
6.991948185593272136e+00 5.853762189119494614e-22
7.046436610706736658e+00 5.464667882545562049e-22
7.101349665464545602e+00 5.107041412706815870e-22
7.156690659016025080e+00 4.778426474086002991e-22
7.212462926298772281e+00 4.476570860937808660e-22
7.268669828239636921e+00 4.199409035916255428e-22
7.325314751957265003e+00 3.945046339383317106e-22
7.382401110966188895e+00 3.711744715014537560e-22
7.439932345382551659e+00 3.497909845570184267e-22
7.497911922131407003e+00 3.302079609390717468e-22
7.556343335155633945e+00 3.122913784394469909e-22
7.615230105626504375e+00 2.959184941503998732e-22
7.674575782155860004e+00 2.809770484615319171e-22
7.734383941009959962e+00 2.673645809916340173e-22
7.794658186324999072e+00 2.549878573833214338e-22
7.855402150324295896e+00 2.437624078261401494e-22
7.916619493537168317e+00 2.336121805000377993e-22
7.978313905019535746e+00 2.244693161784005371e-22
8.040489102576222180e+00 2.162740542776411540e-22
8.103148832984988559e+00 2.089747862425295863e-22
8.166296872222336134e+00 2.025282800466399395e-22
8.229937025691045349e+00 1.969001107833174597e-22
8.294073128449483079e+00 1.920653484530628928e-22
8.358709045442731522e+00 1.880095775862839407e-22
8.423848671735486349e+00 1.847303581083386138e-22
8.489495932746768503e+00 1.822392892197565977e-22
8.555654784486495856e+00 1.805649184609755224e-22
8.622329213793868519e+00 1.797568644373647898e-22
8.689523238577617548e+00 1.798917252948509442e-22
8.757240908058138373e+00 1.810816827995247020e-22
8.825486303011505385e+00 1.834872902196593075e-22
8.894263536015376559e+00 1.873369588834041107e-22
8.963576751696830769e+00 1.929575564197304908e-22
9.033430126982132435e+00 2.008242080817375014e-22
9.103827871348423528e+00 2.116449227591712056e-22
9.174774227077424626e+00 2.265121196720383581e-22
9.246273469511047338e+00 2.471920429399671325e-22
9.318329907309045979e+00 2.767245570514426235e-22
9.390947882708687189e+00 3.208061389175525110e-22
9.464131771786378877e+00 3.914810441879722933e-22
9.537885984721404142e+00 5.193667765227054959e-22
9.612214966061698007e+00 8.118663745714200790e-22
9.687123194991649200e+00 2.098299714716605670e-21
9.762615185602044221e+00 2.984804695631084280e-21
9.838695487162103959e+00 8.358122109713511592e-22
9.915368684393603971e+00 4.762710011823135025e-22
9.992639397747167251e+00 3.294149386519247388e-22
1.007051228368071882e+01 2.503037838862875247e-22
1.014899203494005953e+01 2.012606680756699264e-22
1.022808338084167801e+01 1.681362374920200472e-22
1.030779108755775475e+01 1.444244103618631047e-22
1.038811995840335101e+01 1.267163641449846341e-22
1.046907483412588746e+01 1.130546617343586166e-22
1.055066059319685934e+01 1.022363728216591861e-22
1.063288215210579679e+01 9.348269621384265733e-23
1.071574446565655414e+01 8.626826042834111714e-23
1.079925252726591012e+01 8.022672359120949702e-23
1.088341136926445074e+01 7.509560736801588695e-23
1.096822606319983606e+01 7.068255195706047021e-23
1.105370172014243657e+01 6.684386673389682520e-23
1.113984349099330551e+01 6.347044467590359415e-23
1.122665656679461144e+01 6.047825072195488586e-23
1.131414617904242803e+01 5.780174244671906427e-23
1.140231760000200723e+01 5.538922317140901130e-23
1.149117614302551083e+01 5.319949978154766449e-23
1.158072716287217041e+01 5.119944037685134130e-23
1.167097605603098742e+01 4.936216432291851478e-23
1.176192826104595213e+01 4.766568421857056212e-23
1.185358925884374592e+01 4.609187565147281496e-23
1.194596457306404602e+01 4.462568786560203236e-23
1.203905977039241115e+01 4.325453361193964508e-23
1.213288046089569505e+01 4.196781370125752604e-23
1.222743229836014933e+01 4.075654378426096047e-23
1.232272098063213228e+01 3.961305940684348579e-23
1.241875224996144311e+01 3.853078146111098606e-23
1.251553189334737759e+01 3.750402856798335990e-23
1.261306574288748017e+01 3.652786617657716959e-23
1.271135967612895179e+01 3.559798456015466519e-23
1.281041961642286786e+01 3.471059965368115987e-23
1.291025153328114428e+01 3.386237208352506602e-23
1.301086144273622835e+01 3.305034071070207620e-23
1.311225540770366216e+01 3.227186782608431620e-23
1.321443953834745422e+01 3.152459374821443164e-23
1.331741999244825436e+01 3.080639901010065926e-23
1.342120297577444710e+01 3.011537273095308415e-23
1.352579474245614577e+01 2.944978602507092980e-23
1.363120159536203424e+01 2.880806953056249383e-23
1.373742988647920527e+01 2.818879433902951954e-23
1.384448601729596717e+01 2.759065572291992913e-23
1.395237643918756554e+01 2.701245918159038352e-23
1.406110765380496730e+01 2.645310843154786624e-23
1.417068621346669133e+01 2.591159500128255401e-23
1.428111872155361617e+01 2.538698919805235860e-23
1.439241183290693016e+01 2.487843220912194688e-23
1.450457225422918128e+01 2.438512918250252968e-23
1.461760674448840014e+01 2.390634313744808064e-23
1.473152211532542033e+01 2.344138957206202600e-23
1.484632523146438210e+01 2.298963169727012804e-23
1.496202301112636057e+01 2.255047617848800345e-23
1.507862242644633000e+01 2.212336935037507122e-23
1.519613050389326148e+01 2.170779381619201131e-23
1.531455432469357625e+01 2.130326540254926549e-23
1.543390102525788343e+01 2.090933041689796048e-23
1.555417779761100050e+01 2.052556317380856988e-23
1.567539188982537013e+01 2.015156375853742252e-23
1.579755060645786280e+01 1.978695600693311313e-23
1.592066130898992427e+01 1.943138566656917667e-23
1.604473141627120114e+01 1.908451872958967743e-23
1.616976840496664281e+01 1.874603991560865015e-23
1.629577981000701570e+01 1.841565128756144948e-23
1.642277322504298454e+01 1.809307099065046175e-23
1.655075630290274091e+01 1.777803209848961564e-23
1.667973675605313844e+01 1.747028155845853836e-23
1.680972235706447293e+01 1.716957922763247769e-23
1.694072093907889709e+01 1.687569698381668285e-23
1.707274039628241269e+01 1.658841791638676890e-23
1.720578868438059672e+01 1.630753557827488845e-23
1.733987382107807917e+01 1.603285329913105964e-23
1.747500388656161974e+01 1.576418355434484378e-23
1.761118702398708180e+01 1.550134738306512174e-23
1.774843143997016526e+01 1.524417384989940959e-23
1.788674540508091226e+01 1.499249955110251731e-23
1.802613725434210679e+01 1.474616815476159748e-23
1.816661538773160700e+01 1.450502997850515116e-23
1.830818827068848265e+01 1.426894159709653850e-23
1.845086443462317405e+01 1.403776547942162783e-23
1.859465247743164085e+01 1.381136964956272361e-23
1.873956106401342936e+01 1.358962737620087679e-23
1.888559892679387175e+01 1.337241688116317771e-23
1.903277486625032822e+01 1.315962106789328247e-23
1.918109775144246498e+01 1.295112726974231381e-23
1.933057652054675302e+01 1.274682701701250429e-23
1.948122018139512690e+01 1.254661581540501399e-23
1.963303781201774356e+01 1.235039294323138126e-23
1.978603856119007531e+01 1.215806125916910941e-23
1.994023164898425549e+01 1.196952702381600836e-23
2.009562636732463758e+01 1.178469973288452225e-23
2.025223208054777757e+01 1.160349195901829055e-23
2.041005822596676111e+01 1.142581920448264609e-23
2.056911431443985094e+01 1.125159976433948829e-23
2.072940993094369944e+01 1.108075459427661435e-23
2.089095473515089907e+01 1.091320719017937661e-23
2.105375846201209811e+01 1.074888347203384254e-23
2.121783092234269219e+01 1.058771167514129597e-23
2.138318200341397457e+01 1.042962224914678715e-23
2.154982166954898304e+01 1.027454775948569364e-23
2.171775996272300446e+01 1.012242279785488650e-23
2.188700700316866232e+01 9.973183894929807641e-24
2.205757298998579330e+01 9.826769439295937691e-24
2.222946820175610938e+01 9.683119600042563516e-24
2.240270299716252822e+01 9.542176253467242152e-24
2.257728781561344533e+01 9.403882914219182661e-24
2.275323317787184862e+01 9.268184668801064913e-24
2.293054968668926463e+01 9.135028113559789182e-24
2.310924802744472473e+01 9.004361295375401099e-24
2.328933896878871934e+01 8.876133654634591352e-24
2.347083336329205494e+01 8.750295973569526289e-24
2.365374214809989795e+01 8.626800322125289815e-24
2.383807634559089195e+01 8.505600012686220988e-24
2.402384706404131620e+01 8.386649551424102736e-24
2.421106549829451282e+01 8.269904595743735274e-24
2.439974293043556486e+01 8.155321911452197819e-24
2.458989073047107254e+01 8.042859333065638447e-24
2.478152035701439360e+01 7.932475725800537056e-24
2.497464335797616286e+01 7.824130948341718849e-24
2.516927137126014813e+01 7.717785819034706272e-24
2.536541612546457714e+01 7.613402081732356607e-24
2.556308944058897836e+01 7.510942374631030014e-24
2.576230322874638290e+01 7.410370199222919929e-24
2.596306949488122484e+01 7.311649892051248354e-24
2.616540033749279459e+01 7.214746596081430078e-24
2.636930794936425215e+01 7.119626234523909638e-24
2.657480461829742424e+01 7.026255485210141831e-24
2.678190272785330706e+01 6.934601756496517994e-24
2.699061475809826760e+01 6.844633163048904661e-24
2.720095328635613185e+01 6.756318504389495511e-24
2.741293098796615979e+01 6.669627242830146347e-24
2.762656063704679710e+01 6.584529483240656041e-24
2.784185510726555535e+01 6.500995952952444577e-24
2.805882737261472570e+01 6.418997983302338124e-24
2.827749050819322818e+01 6.338507490590358423e-24
2.849785769099460708e+01 6.259496959586246935e-24
2.871994220070099502e+01 6.181939426509411608e-24
2.894375742048341138e+01 6.105808462730459668e-24
2.916931683780831364e+01 6.031078159370392255e-24
2.939663404525025925e+01 5.957723112701163688e-24
2.962572274131109040e+01 5.885718409799711106e-24
2.985659673124544611e+01 5.815039614692460591e-24
3.008926992789260524e+01 5.745662755773089841e-24
3.032375635251500157e+01 5.677564312465107715e-24
3.056007013564306618e+01 5.610721203425349658e-24
3.079822551792681296e+01 5.545110775021923126e-24
3.103823685099403207e+01 5.480710789845335025e-24
3.128011859831505959e+01 5.417499416071503576e-24
3.152388533607441090e+01 5.355455216962223665e-24
3.176955175404921761e+01 5.294557141163108880e-24
3.201713265649436124e+01 5.234784512746018535e-24
3.226664296303464141e+01 5.176117022197247044e-24
3.251809770956392498e+01 5.118534717521729445e-24
3.277151204915110583e+01 5.062017995571938262e-24
3.302690125295332990e+01 5.006547594025970630e-24
3.328428071113629017e+01 4.952104583211543540e-24
3.354366593380158434e+01 4.898670358830076128e-24
3.380507255192139837e+01 4.846226634255345867e-24
3.406851631828053684e+01 4.794755433626579105e-24
3.433401310842558019e+01 4.744239085300671286e-24
3.460157892162165183e+01 4.694660214756789911e-24
3.487122988181658201e+01 4.646001738850193011e-24
3.514298223861248260e+01 4.598246859293241639e-24
3.541685236824501004e+01 4.551379057214453817e-24
3.569285677457028783e+01 4.505382087032408384e-24
3.597101209005933953e+01 4.460239971499102613e-24
3.625133507680045142e+01 4.415936996179972541e-24
3.653384262750932976e+01 4.372457704390789002e-24
3.681855176654698880e+01 4.329786892538903888e-24
3.710547965094568923e+01 4.287909605060172636e-24
3.739464357144293416e+01 4.246811130293566353e-24
3.768606095352331664e+01 4.206476995814720792e-24
3.797974935846865918e+01 4.166892964209544864e-24
3.827572648441636005e+01 4.128045029154196764e-24
3.857401016742574740e+01 4.089919411253907444e-24
3.887461838255303803e+01 4.052502554439056722e-24
3.917756924493453852e+01 4.015781121969952313e-24
3.948288101087822355e+01 3.979741993161971619e-24
3.979057207896390480e+01 3.944372259747945980e-24
4.010066099115206129e+01 3.909659222433649979e-24
4.041316643390103280e+01 3.875590387841817355e-24
4.072810723929327992e+01 3.842153465246082841e-24
4.104550238617008517e+01 3.809336363371379117e-24
4.136537100127531374e+01 3.777127187635100055e-24
4.168773236040807717e+01 3.745514237080487955e-24
4.201260588958419362e+01 3.714486001576604528e-24
4.234001116620692784e+01 3.684031159078163207e-24
4.266996792024676921e+01 3.654138572953692926e-24
4.300249603543031185e+01 3.624797289329201543e-24
4.333761555043851388e+01 3.595996534586485086e-24
4.367534666011432876e+01 3.567725712755389781e-24
4.401570971667955945e+01 3.539974403252245408e-24
4.435872523096138309e+01 3.512732358248331650e-24
4.470441387362842534e+01 3.485989500559726876e-24
4.505279647643626362e+01 3.459735921144144351e-24
4.540389403348287800e+01 3.433961877102073151e-24
4.575772770247383647e+01 3.408657789191764004e-24
4.611431880599715782e+01 3.383814239853934462e-24
4.647368883280831398e+01 3.359421970997688555e-24
4.683585943912525096e+01 3.335471881935315009e-24
4.720085244993330065e+01 3.311955027299874029e-24
4.756868986030042379e+01 3.288862615009587484e-24
4.793939383670277010e+01 3.266186004272171291e-24
4.831298671836032099e+01 3.243916703633456752e-24
4.868949101858314776e+01 3.222046369042167594e-24
4.906892942612816455e+01 3.200566801863650796e-24
4.945132480656627649e+01 3.179469947056660607e-24
4.983670020366032816e+01 3.158747891266095083e-24
5.022507884075386642e+01 3.138392861022723554e-24
5.061648412217044779e+01 3.118397220870573425e-24
5.101093963462410130e+01 3.098753471605697279e-24
5.140846914864078343e+01 3.079454248475106880e-24
5.180909661999065463e+01 3.060492319444757184e-24
5.221284619113180980e+01 3.041860583455182154e-24
5.261974219266517139e+01 3.023552068678177489e-24
5.302980914480057351e+01 3.005559930896816235e-24
5.344307175883443506e+01 2.987877451748915283e-24
5.385955493863902177e+01 2.970498037119227997e-24
5.427928378216299166e+01 2.953415215495748256e-24
5.470228358294394866e+01 2.936622636363694604e-24
5.512857983163273445e+01 2.920114068566623539e-24
5.555819821752935184e+01 2.903883398800565777e-24
5.599116463013128708e+01 2.887924629973651070e-24
5.642750516069339994e+01 2.872231879737598748e-24
5.686724610380037603e+01 2.856799378906738058e-24
5.731041395895132240e+01 2.841621469986924373e-24
5.775703543215650626e+01 2.826692605684190611e-24
5.820713743754681246e+01 2.812007347423045790e-24
5.866074709899567097e+01 2.797560363907718794e-24
5.911789175175346145e+01 2.783346429670908118e-24
5.957859894409484980e+01 2.769360423671955254e-24
6.004289643897896411e+01 2.755597327872350887e-24
6.051081221572227520e+01 2.742052225876188986e-24
6.098237447168475001e+01 2.728720301523697362e-24
6.145761162396918564e+01 2.715596837571390405e-24
6.193655231113346105e+01 2.702677214312390637e-24
6.241922539491645239e+01 2.689956908272509758e-24
6.290565996197736354e+01 2.677431490870224764e-24
6.339588532564837209e+01 2.665096627142397623e-24
6.388993102770116650e+01 2.652948074420162068e-24
6.438782684012728907e+01 2.640981681063950985e-24
6.488960276693207163e+01 2.629193385194232145e-24
6.539528904594276071e+01 2.617579213426356690e-24
6.590491615063088204e+01 2.606135279603693980e-24
6.641851479194833985e+01 2.594857783580583882e-24
6.693611592017829537e+01 2.583743009971400656e-24
6.745775072680027051e+01 2.572787326919628543e-24
6.798345064636970392e+01 2.561987184876679618e-24
6.851324735841228630e+01 2.551339115395430674e-24
6.904717278933314617e+01 2.540839729905986631e-24
6.958525911434054478e+01 2.530485718523999259e-24
7.012753875938497572e+01 2.520273848824190905e-24
7.067404440311324265e+01 2.510200964672264653e-24
7.122480897883757223e+01 2.500263985013022178e-24
7.177986567652027361e+01 2.490459902676433603e-24
7.233924794477398734e+01 2.480785783198626586e-24
7.290298949287712560e+01 2.471238763628009805e-24
7.347112429280528545e+01 2.461816051344031543e-24
7.404368658127866354e+01 2.452514922872843785e-24
7.462071086182491797e+01 2.443332722711253914e-24
7.520223190685867110e+01 2.434266862140375036e-24
7.578828475977674373e+01 2.425314818061302501e-24
7.637890473707000183e+01 2.416474131808067380e-24
7.697412743045173045e+01 2.407742407986022868e-24
7.757398870900217958e+01 2.399117313293052667e-24
7.817852472133024833e+01 2.390596575362339781e-24
7.878777189775192369e+01 2.382177981594507001e-24
7.940176695248545968e+01 2.373859377990323827e-24
8.002054688586392217e+01 2.365638668010069937e-24
8.064414898656497144e+01 2.357513811408839587e-24
8.127261083385778306e+01 2.349482823090699472e-24
8.190597029986767552e+01 2.341543771971506309e-24
8.254426555185850134e+01 2.333694779840937938e-24
8.318753505453241814e+01 2.325934020230750136e-24
8.383581757234797749e+01 2.318259717297998578e-24
8.448915217185621884e+01 2.310670144701653045e-24
8.514757822405468346e+01 2.303163624507191714e-24
8.581113540676001605e+01 2.295738526076886730e-24
8.647986370699926795e+01 2.288393264998972200e-24
8.715380342341917697e+01 2.281126301992108808e-24
8.783299516871490198e+01 2.273936141855444747e-24
8.851747987207740209e+01 2.266821332400751469e-24
8.920729878165977311e+01 2.259780463421314939e-24
8.990249346706292499e+01 2.252812165657064568e-24
9.060310582184085604e+01 2.245915109777816520e-24
9.130917806602495546e+01 2.239088005386437238e-24
9.202075274866830057e+01 2.232329600027239387e-24
9.273787275041000555e+01 2.225638678216661499e-24
9.346058128605885429e+01 2.219014060484591349e-24
9.418892190719775215e+01 2.212454602434578061e-24
9.492293850480828610e+01 2.205959193822554574e-24
9.566267531191542162e+01 2.199526757645295767e-24
9.640817690625316061e+01 2.193156249253403653e-24
9.715948821295106086e+01 2.186846655476281869e-24
9.791665450724114805e+01 2.180596993770377614e-24
9.867972141718647094e+01 2.174406311378365600e-24
9.944873492643085910e+01 2.168273684513712032e-24
1.002237413769696843e+02 2.162198217559200146e-24
1.010047874719425067e+02 2.156179042283869144e-24
1.017919202784478472e+02 2.150215317078570374e-24
1.025851872303792192e+02 2.144306226215948827e-24
1.033846361312837132e+02 2.138450979116401645e-24
1.041903151572423241e+02 2.132648809647540058e-24
1.050022728597737967e+02 2.126898975428745625e-24
1.058205581687600016e+02 2.121200757165354431e-24
1.066452203953943325e+02 2.115553457991734279e-24
1.074763092351537921e+02 2.109956402838856605e-24
1.083138747707935323e+02 2.104408937818505680e-24
1.091579674753644582e+02 2.098910429622239531e-24
1.100086382152555871e+02 2.093460264943624923e-24
1.108659382532589319e+02 2.088057849910444557e-24
1.117299192516584156e+02 2.082702609543183201e-24
1.126006332753437249e+02 2.077393987221442143e-24
1.134781327949475127e+02 2.072131444172847842e-24
1.143624706900070578e+02 2.066914458976334669e-24
1.152537002521514893e+02 2.061742527082249702e-24
1.161518751883129568e+02 2.056615160345805267e-24
1.170570496239626834e+02 2.051531886579089589e-24
1.179692781063733946e+02 2.046492249116439148e-24
1.188886156079060470e+02 2.041495806395304771e-24
1.198151175293222082e+02 2.036542131549979124e-24
1.207488397031233518e+02 2.031630812021249190e-24
1.216898383969149506e+02 2.026761449178885529e-24
1.226381703167970159e+02 2.021933657957687554e-24
1.235938926107819071e+02 2.017147066505640804e-24
1.245570628722379070e+02 2.012401315847031284e-24
1.255277391433594403e+02 2.007696059554931068e-24
1.265059799186655596e+02 2.003030963437748321e-24
1.274918441485245921e+02 1.998405705236747253e-24
1.284853912427061289e+02 1.993819974334641239e-24
1.294866810739619325e+02 1.989273471475583812e-24
1.304957739816336186e+02 1.984765908495436431e-24
1.315127307752884178e+02 1.980297008062240261e-24
1.325376127383843823e+02 1.975866503427140310e-24
1.335704816319631050e+02 1.971474138184552256e-24
1.346113996983710308e+02 1.967119666041742778e-24
1.356604296650112076e+02 1.962802850597552295e-24
1.367176347481229470e+02 1.958523465130054401e-24
1.377830786565907033e+02 1.954281292392131156e-24
1.388568255957844144e+02 1.950076124415563354e-24
1.399389402714279811e+02 1.945907762323361021e-24
1.410294878934981853e+02 1.941776016149001398e-24
1.421285341801552420e+02 1.937680704663684539e-24
1.432361453617025404e+02 1.933621655210506688e-24
1.443523881845774781e+02 1.929598703545019168e-24
1.454773299153745256e+02 1.925611693683473523e-24
1.466110383448984180e+02 1.921660477756603254e-24
1.477535817922487809e+02 1.917744915869844674e-24
1.489050291089381517e+02 1.913864875969616353e-24
1.500654496830406970e+02 1.910020233715467203e-24
1.512349134433729603e+02 1.906210872357234751e-24
1.524134908637090291e+02 1.902436682618326995e-24
1.536012529670268520e+02 1.898697562583711388e-24
1.547982713297877240e+02 1.894993417592727384e-24
1.560046180862505310e+02 1.891324160137250424e-24
1.572203659328182255e+02 1.887689709764152719e-24
1.584455881324181519e+02 1.884089992982045775e-24
1.596803585189179557e+02 1.880524943172955217e-24
1.609247515015744341e+02 1.876994500507286260e-24
1.621788420695170316e+02 1.873498611863797894e-24
1.634427057962678873e+02 1.870037230752516900e-24
1.647164188442954185e+02 1.866610317241951608e-24
1.660000579696035743e+02 1.863217837889757200e-24
1.672937005263582364e+02 1.859859765676715908e-24
1.685974244715482087e+02 1.856536079944319360e-24
1.699113083696825299e+02 1.853246766335250004e-24
1.712354313975259004e+02 1.849991816737210102e-24
1.725698733488695211e+02 1.846771229229725474e-24
1.739147146393390528e+02 1.843585008033709806e-24
1.752700363112416539e+02 1.840433163463789908e-24
1.766359200384491714e+02 1.837315711883361424e-24
1.780124481313194451e+02 1.834232675662413559e-24
1.793997035416574590e+02 1.831184083137406889e-24
1.807977698677136971e+02 1.828169968573899986e-24
1.822067313592213509e+02 1.825190372131285325e-24
1.836266729224743983e+02 1.822245339829878010e-24
1.850576801254436248e+02 1.819334923519895580e-24
1.864998392029326340e+02 1.816459180852798726e-24
1.879532370617755248e+02 1.813618175254328752e-24
1.894179612860732789e+02 1.810811975899602894e-24
1.908941001424721833e+02 1.808040657689842470e-24
1.923817425854821010e+02 1.805304301231160347e-24
1.938809782628381413e+02 1.802602992814606560e-24
1.953918975209024325e+02 1.799936824398156064e-24
1.969145914101080166e+02 1.797305893590079531e-24
1.984491516904466835e+02 1.794710303633801511e-24
1.999956708369982152e+02 1.792150163394150455e-24
2.015542420455023489e+02 1.789625587345007209e-24
2.031249592379760713e+02 1.787136695558152145e-24
2.047079170683730354e+02 1.784683613693446474e-24
2.063032109282868873e+02 1.782266472990056816e-24
2.079109369527008937e+02 1.779885410258810076e-24
2.095311920257806548e+02 1.777540567875725657e-24
2.111640737867118389e+02 1.775232093776322759e-24
2.128096806355852948e+02 1.772960141451044033e-24
2.144681117393262753e+02 1.770724869941468284e-24
2.161394670376696752e+02 1.768526443837449247e-24
2.178238472491838138e+02 1.766365033274821903e-24
2.195213538773393793e+02 1.764240813934149472e-24
2.212320892166253827e+02 1.762153967039893960e-24
2.229561563587150204e+02 1.760104679360250117e-24
2.246936591986774658e+02 1.758093143207719592e-24
2.264447024412380358e+02 1.756119556440002474e-24
2.282093916070892590e+02 1.754184122461516621e-24
2.299878330392489829e+02 1.752287050225256035e-24
2.317801339094681907e+02 1.750428554235094838e-24
2.335864022246906018e+02 1.748608854548415971e-24
2.354067468335608453e+02 1.746828176779011722e-24
2.372412774329828551e+02 1.745086752100236625e-24
2.390901045747320666e+02 1.743384817248378925e-24
2.409533396721166127e+02 1.741722614526194406e-24
2.428310950066905889e+02 1.740100391806484674e-24
2.447234837350216878e+02 1.738518402535849547e-24
2.466306198955096249e+02 1.736976905738394279e-24
2.485526184152573421e+02 1.735476166019419506e-24
2.504895951169983448e+02 1.734016453569080337e-24
2.524416667260755673e+02 1.732598044165941130e-24
2.544089508774746662e+02 1.731221219180348051e-24
2.563915661229143552e+02 1.729886265577705033e-24
2.583896319379898614e+02 1.728593475921382759e-24
2.604032687293719732e+02 1.727343148375548294e-24
2.624325978420643537e+02 1.726135586707561626e-24
2.644777415667152241e+02 1.724971100290012576e-24
2.665388231469862035e+02 1.723850004102546489e-24
2.686159667869804935e+02 1.722772618733103280e-24
2.707092976587269959e+02 1.721739270378762315e-24
2.728189419097225255e+02 1.720750290846188372e-24
2.749450266705351851e+02 1.719806017551428124e-24
2.770876800624648695e+02 1.718906793519266934e-24
2.792470312052630561e+02 1.718052967381951597e-24
2.814232102249154082e+02 1.717244893377302944e-24
2.836163482614826989e+02 1.716482931346248035e-24
2.858265774770025587e+02 1.715767446729627958e-24
2.880540310634554544e+02 1.715098810564356902e-24
2.902988432507903553e+02 1.714477399478848746e-24
2.925611493150125284e+02 1.713903595687722931e-24
2.948410855863375559e+02 1.713377786985792172e-24
2.971387894574056077e+02 1.712900366741262220e-24
2.994543993915602869e+02 1.712471733888125318e-24
3.017880549311942673e+02 1.712092292917832920e-24
3.041398967061576855e+02 1.711762453870174956e-24
3.065100664422314480e+02 1.711482632323303933e-24
3.088987069696701724e+02 1.711253249383048215e-24
3.113059622318079391e+02 1.711074731671448751e-24
3.137319772937320295e+02 1.710947511314470386e-24
3.161768983510263524e+02 1.710872025929066275e-24
3.186408727385806401e+02 1.710848718609471993e-24
3.211240489394681958e+02 1.710878037912890213e-24
3.236265765938954928e+02 1.710960437844491399e-24
3.261486065082187338e+02 1.711096377841974791e-24
3.286902906640310107e+02 1.711286322759547885e-24
3.312517822273226216e+02 1.711530742851610572e-24
3.338332355577101112e+02 1.711830113756154956e-24
3.364348062177374459e+02 1.712184916478049450e-24
3.390566509822522789e+02 1.712595637372409213e-24
3.416989278478527012e+02 1.713062768128142898e-24
3.443617960424069793e+02 1.713586805752081273e-24
3.470454160346512253e+02 1.714168252553901143e-24
3.497499495438582926e+02 1.714807616132108676e-24
3.524755595495823854e+02 1.715505409361708106e-24
3.552224103014823982e+02 1.716262150383880889e-24
3.579906673292189225e+02 1.717078362598447112e-24
3.607804974524281647e+02 1.717954574659703138e-24
3.635920687907769207e+02 1.718891320476830831e-24
3.664255507740929261e+02 1.719889139219717718e-24
3.692811141525733660e+02 1.720948575331809181e-24
3.721589310070772285e+02 1.722070178551690542e-24
3.750591747594938852e+02 1.723254503945553103e-24
3.779820201831925033e+02 1.724502111953275004e-24
3.809276434135567797e+02 1.725813568451673834e-24
3.838962219585976641e+02 1.727189444839163166e-24
3.868879347096493007e+02 1.728630318147471903e-24
3.899029619521515997e+02 1.730136771187724801e-24
3.929414853765134694e+02 1.731709392740154033e-24
3.960036880890602902e+02 1.733348777799679061e-24
3.990897546230708599e+02 1.735055527893593164e-24
4.021998709498963649e+02 1.736830251492863773e-24
4.053342244901661502e+02 1.738673564545958617e-24
4.084930041250843828e+02 1.740586091174721480e-24
4.116764002078110138e+02 1.742568464586234027e-24
4.148846045749318137e+02 1.744621328276190308e-24
4.181178105580209490e+02 1.746745337629927781e-24
4.213762129952903024e+02 1.748941162072975120e-24
4.246600082433295711e+02 1.751209487991849686e-24
4.279693941889414077e+02 1.753551022750493602e-24
4.313045702610652938e+02 1.755966500292270242e-24
4.346657374427940113e+02 1.758456689078329580e-24
4.380530982834878273e+02 1.761022403540626341e-24
4.414668569109793452e+02 1.763664520942272413e-24
4.449072190438729422e+02 1.766384006772617412e-24
4.483743920039445356e+02 1.769181954002780414e-24
4.518685847286337207e+02 1.772059645595513280e-24
4.553900077836335072e+02 1.775018657508523509e-24
4.589388733755817498e+02 1.778061035317275528e-24
4.625153953648480751e+02 1.781189611618106082e-24
4.661197892784197165e+02 1.784408609325058229e-24
4.697522723228924519e+02 1.787724869436002910e-24
4.734130633975585738e+02 1.791150571799717634e-24
4.771023831075963244e+02 1.794709962313802179e-24
4.808204537773672200e+02 1.798458618264411205e-24
4.845674994638119415e+02 1.802551486819696832e-24
4.883437459699508736e+02 1.807577511179146642e-24
4.921494208584945795e+02 1.817695101078456021e-24
4.959847534655552863e+02 2.446095678310554975e-24
4.998499749144658608e+02 1.830094170363660607e-24
5.037453181297104834e+02 1.823409918314305322e-24
5.076710178509595153e+02 1.825818636200962484e-24
5.116273106472139034e+02 1.829454851575626196e-24
5.156144349310642383e+02 1.833488679336994729e-24
5.196326309730563935e+02 1.837728684168165856e-24
5.236821409161686915e+02 1.842112307366917882e-24
5.277632087904075888e+02 1.846614586461035495e-24
5.318760805275113626e+02 1.851224250078789738e-24
5.360210039757685081e+02 1.855935824066582880e-24
5.401982289149573262e+02 1.860746574754350211e-24
5.444080070713953319e+02 1.865655178078945801e-24
5.486505921331101945e+02 1.870661085335139007e-24
5.529262397651248193e+02 1.875764198350258404e-24
5.572352076248678259e+02 1.880964693046078285e-24
5.615777553776983950e+02 1.886262918783211869e-24
5.659541447125526474e+02 1.891659338501444064e-24
5.703646393577165554e+02 1.897154491827487418e-24
5.748095050967175439e+02 1.902748971621712424e-24
5.792890097843385320e+02 1.908443408657304063e-24
5.838034233627633967e+02 1.914238461368189287e-24
5.883530178778419213e+02 1.920134808840396609e-24
5.929380674954823007e+02 1.926133145927932907e-24
5.975588485181762053e+02 1.932234179790167553e-24
6.022156394016473087e+02 1.938438627398563342e-24
6.069087207716299872e+02 1.944747213716307780e-24
6.116383754407836477e+02 1.951160670352441846e-24
6.164048884257337022e+02 1.957679734555741520e-24
6.212085469642455564e+02 1.964305148455191944e-24
6.260496405325370688e+02 1.971037658481922649e-24
6.309284608627218631e+02 1.977878014926180262e-24
6.358453019603869052e+02 1.984826971596101232e-24
6.408004601223141208e+02 1.991885285554137709e-24
6.457942339543335493e+02 1.999053716913285970e-24
6.508269243893156499e+02 2.006333028679921716e-24
6.558988347053104917e+02 2.013723986633457744e-24
6.610102705438212070e+02 2.021227359235261860e-24
6.661615399282209182e+02 2.028843917561129145e-24
6.713529532823184809e+02 2.036574435253081536e-24
6.765848234490631512e+02 2.044419688486953210e-24
6.818574657093947735e+02 2.052380455953202469e-24
6.871711978012478994e+02 2.060457518848875403e-24
6.925263399386961964e+02 2.068651660879123745e-24
6.979232148312477193e+02 2.076963668266873681e-24
7.033621477032955909e+02 2.085394329769761050e-24
7.088434663137147709e+02 2.093944436703353599e-24
7.143675009756112786e+02 2.102614782970076232e-24
7.199345845762311455e+02 2.111406165093288218e-24
7.255450525970192075e+02 2.120319382255985977e-24
7.311992431338331926e+02 2.129355236343942623e-24
7.368974969173224281e+02 2.138514531992751243e-24
7.426401573334585464e+02 2.147798076638756868e-24
7.484275704442266033e+02 2.157206680573552022e-24
7.542600850084832018e+02 2.166741157001966796e-24
7.601380525029715045e+02 2.176402322103394757e-24
7.660618271434990447e+02 2.186190995096417218e-24
7.720317659062886833e+02 2.196107998306732120e-24
7.780482285494875896e+02 2.206154157238357762e-24
7.841115776348444797e+02 2.216330300648249881e-24
7.902221785495635231e+02 2.226637260624431983e-24
7.963803995283201402e+02 2.237075872667909298e-24
8.025866116754493760e+02 2.247646975778716440e-24
8.088411889873140126e+02 2.258351412546587325e-24
8.151445083748395746e+02 2.269190029247015833e-24
8.214969496862253209e+02 2.280163675943615655e-24
8.278988957298396372e+02 2.291273206598397458e-24
8.343507322972856173e+02 2.302519479191843058e-24
8.408528481866477478e+02 2.313903355855850899e-24
8.474056352259257210e+02 2.325425703023874961e-24
8.540094882966449177e+02 2.337087391604465932e-24
8.606648053576492430e+02 2.348889297187922382e-24
8.673719874690885945e+02 2.360832300300537330e-24
8.741314388165844775e+02 2.372917286729099709e-24
8.809435667355842270e+02 2.385145147951929773e-24
8.878087817359131577e+02 2.397516781735788886e-24
8.947274975265096373e+02 2.410033092998770619e-24
9.017001310403536536e+02 2.422694995113867783e-24
9.087271024595964946e+02 2.435503411969660676e-24
9.158088352408796027e+02 2.448459281387800217e-24
9.229457561408497668e+02 2.461563561091923615e-24
9.301382952418814511e+02 2.474817239758524142e-24
9.373868859779920513e+02 2.488221358911112352e-24
9.446919651609578068e+02 2.501777059998418794e-24
9.520539730066429911e+02 2.515485696587015011e-24
9.594733531615247557e+02 2.529349140393906980e-24
9.669505527294256808e+02 2.543370788927156421e-24
9.744860222984621032e+02 2.557559984689089098e-24
9.820802159681948069e+02 2.571964463413481361e-24
9.897335913769907165e+02 2.587754908278935312e-24
9.974466097296069620e+02 2.601613975099785947e-24
1.005219735824979466e+03 2.615840694828420274e-24
1.013053438084235040e+03 2.630741474412561798e-24
1.020948188578914824e+03 2.645842762417467606e-24
1.028904463059428053e+03 2.661115015132079168e-24
1.036922740983718768e+03 2.676553203452456321e-24
1.045003505546155566e+03 2.692156511862220679e-24
1.053147243706655672e+03 2.707925256464407048e-24
1.061354446220027512e+03 2.723860147601426240e-24
1.069625607665539974e+03 2.739962060330745438e-24
1.077961226476733827e+03 2.756231949274171274e-24
1.086361804971455058e+03 2.772670812773757727e-24
1.094827849382121485e+03 2.789279676297824777e-24
1.103359869886236311e+03 2.806059584174392461e-24
1.111958380637128130e+03 2.823011595232963201e-24
1.120623899794932186e+03 2.840136780406740346e-24
1.129356949557821736e+03 2.857436221374080333e-24
1.138158056193473385e+03 2.874911009777475869e-24
1.147027750070777074e+03 2.892562246776456289e-24
1.155966565691804135e+03 2.910391042800694071e-24
1.164975041724014091e+03 2.928398517426702458e-24
1.174053721032711564e+03 2.946585799333032222e-24
1.183203150713767400e+03 2.964954026306585542e-24
1.192423882126584203e+03 2.983504345282994601e-24
1.201716470927318369e+03 3.002237912410090933e-24
1.211081477102371991e+03 3.021155893127528636e-24
1.220519465002135348e+03 3.040259462257776083e-24
1.230031003374991315e+03 3.059549804105458420e-24
1.239616665401596720e+03 3.079028112562974997e-24
1.249277028729419499e+03 3.098695591221014575e-24
1.259012675507545055e+03 3.118553453483132591e-24
1.268824192421763883e+03 3.138602922684126385e-24
1.278712170729924765e+03 3.158845232212008895e-24
1.288677206297558541e+03 3.179281625634176676e-24
1.298719899633795194e+03 3.199913356828676247e-24
1.308840855927546954e+03 3.220741690122240926e-24
1.319040685083974950e+03 3.241767900438122838e-24
1.329320001761249159e+03 3.262993273458603534e-24
1.339679425407587132e+03 3.284419105810495820e-24
1.350119580298576466e+03 3.306046705288185730e-24
1.360641095574804922e+03 3.327877391140324941e-24
1.371244605279767711e+03 3.349912494469190286e-24
1.381930748398072865e+03 3.372153358838984084e-24
1.392700168893955606e+03 3.394601341294318074e-24
1.403553515750080123e+03 3.417257814238123316e-24
1.414491443006643976e+03 3.440124169262775090e-24
1.425514609800801281e+03 3.463201825893390496e-24
1.436623680406377389e+03 3.486492254427990049e-24
1.447819324273896427e+03 3.509997047229122248e-24
1.459102216070931036e+03 3.533718207311493431e-24
1.470473035722754730e+03 3.557659965607378396e-24
1.481932468453311458e+03 3.581862313493683874e-24
1.493481204826516205e+03 3.606343799148521798e-24
1.505119940787866653e+03 3.630787286018979560e-24
1.516849377706375208e+03 3.655598244202768856e-24
1.528670222416845718e+03 3.680639175636685984e-24
1.540583187262463071e+03 3.705907010178448954e-24
1.552588990137714973e+03 3.731402494853138143e-24
1.564688354531663890e+03 3.757126947760044321e-24
1.576882009571540493e+03 3.783081838146487070e-24
1.589170690066676798e+03 3.809268693857801001e-24
1.601555136552796966e+03 3.835689074046258829e-24
1.614036095336638937e+03 3.862344559476773140e-24
1.626614318540922113e+03 3.889236748621907092e-24
1.639290564149681586e+03 3.916367255954690015e-24
1.652065596053941363e+03 3.943737711171496621e-24
1.664940184097741849e+03 3.971349758844028683e-24
1.677915104124541813e+03 3.999205058283574085e-24
1.690991138023968006e+03 4.027305283516796049e-24
1.704169073778926304e+03 4.055652123323166018e-24
1.717449705513098706e+03 4.084247281308357114e-24
1.730833833538792760e+03 4.113092475999455508e-24
1.744322264405163878e+03 4.142189440954560575e-24
1.757915810946830561e+03 4.171539924882479603e-24
1.771615292332851595e+03 4.201145691770786888e-24
1.785421534116085240e+03 4.231008521021784343e-24
1.799335368282948593e+03 4.261130207598133498e-24
1.813357633303549846e+03 4.291512562181841844e-24
1.827489174182209808e+03 4.322157411354948804e-24
1.841730842508394517e+03 4.353066597818584246e-24
1.856083496508025974e+03 4.384241980685275730e-24
1.870548001095203745e+03 4.415685435922901128e-24
1.885125227924318551e+03 4.447398857139589714e-24
1.899816055442591278e+03 4.479384157218811294e-24
1.914621368943003745e+03 4.511643272370732920e-24
1.929542060617641937e+03 4.544178174385846031e-24
1.944579029611473061e+03 4.576990919006029292e-24
1.959733182076522326e+03 4.610083940151041003e-24
1.975005431226475366e+03 4.643464952298747746e-24
1.990396697391719727e+03 4.677153783810776962e-24
2.005907908074800844e+03 4.711058888080321994e-24
2.021539998006308224e+03 4.745288238426395686e-24
2.037293909201216138e+03 4.779808524131339301e-24
2.053170591015644732e+03 4.814620899774081083e-24
2.069171000204064057e+03 4.849727312339302445e-24
2.085296100976960588e+03 4.885129835789479421e-24
2.101546865058938693e+03 4.920830588717511117e-24
2.117924271747268904e+03 4.956831716682399332e-24
2.134429307970916398e+03 4.993135387162593429e-24
2.151062968350008305e+03 5.029743787865444325e-24
2.167826255255764409e+03 5.066659126130641103e-24
2.184720178870914424e+03 5.103883628746683286e-24
2.201745757250567294e+03 5.141419541941998508e-24
2.218904016383554790e+03 5.179269131457371330e-24
2.236195990254269873e+03 5.217434682659777381e-24
2.253622720904973448e+03 5.255918500679872115e-24
2.271185258498579060e+03 5.294722910565278215e-24
2.288884661381954174e+03 5.333850257447820965e-24
2.306721996149688039e+03 5.373302906727238188e-24
2.324698337708362033e+03 5.413083244281698054e-24
2.342814769341337978e+03 5.453193676729851304e-24
2.361072382774031212e+03 5.493636631808155382e-24
2.379472278239693878e+03 5.534414559040665980e-24
2.398015564545729376e+03 5.575529931270421113e-24
2.416703359140505199e+03 5.616985249282732404e-24
2.435536788180683743e+03 5.658783061315668566e-24
2.454516986599102438e+03 5.700926102982960993e-24
2.473645098173158203e+03 5.743421703773978523e-24
2.492922275593724407e+03 5.786259089594082712e-24
2.512349680534632625e+03 5.829449454254936404e-24
2.531928483722665987e+03 5.872997540684574201e-24
2.551659865008103225e+03 5.916903768565746763e-24
2.571545013435832971e+03 5.961170666665771760e-24
2.591585127317000570e+03 6.005800897003219086e-24
2.611781414301211498e+03 6.050797163265625724e-24
2.632135091449321862e+03 6.096162197274693638e-24
2.652647385306774140e+03 6.141898755927136985e-24
2.673319531977500901e+03 6.188009620384886998e-24
2.694152777198432432e+03 6.234497595902023949e-24
2.715148376414555969e+03 6.281365511869412878e-24
2.736307594854566105e+03 6.328616221946534546e-24
2.757631707607123190e+03 6.376252604233990703e-24
2.779121999697685624e+03 6.424277561470350167e-24
2.800779766165938327e+03 6.472694021250588735e-24
2.822606312143850573e+03 6.521504936276166055e-24
2.844602952934317727e+03 6.570713284670583411e-24
2.866771014090414610e+03 6.620322070466032509e-24
2.889111831495292336e+03 6.670334324637183980e-24
2.911626751442673140e+03 6.720753108374814988e-24
2.934317130717970031e+03 6.771581529864822941e-24
2.957184336680067190e+03 6.822822942665837179e-24
2.980229747343711097e+03 6.874513776688992004e-24
3.003454751462540571e+03 6.926555566841775630e-24
3.026860748612797124e+03 6.979053466473232481e-24
3.050449149277652850e+03 7.031976924251938686e-24
3.074221374932201797e+03 7.085329049863959015e-24
3.098178858129137552e+03 7.139113095030934268e-24
3.122323042585072017e+03 7.193332352573311295e-24
3.146655383267527668e+03 7.247990146363332537e-24
3.171177346482633311e+03 7.303089829542278350e-24
3.195890409963478305e+03 7.358634784208277747e-24
3.220796062959153005e+03 7.414628421476489306e-24
3.245895806324512705e+03 7.471074181659395547e-24
3.271191152610610516e+03 7.527975534496910364e-24
3.296683626155838283e+03 7.585335979417811907e-24
3.322374763177804653e+03 7.643159045839527436e-24
3.348266111865900257e+03 7.701448293552762420e-24
3.374359232474582768e+03 7.760207313371867764e-24
3.400655697417423198e+03 7.819439728912087354e-24
3.427157091361845232e+03 7.879149205717683111e-24
3.453865011324629904e+03 7.939339583960831231e-24
3.480781066768138317e+03 8.000015968350574436e-24
3.507906879697322438e+03 8.061176811759918565e-24
3.535244084757458495e+03 8.122831516185221671e-24
3.562794329332642974e+03 8.184982036033278375e-24
3.590559273645089434e+03 8.247632179454261798e-24
3.618540590855162463e+03 8.310785816978472753e-24
3.646739967162196990e+03 8.374446856267743771e-24
3.675159101906131582e+03 8.438619239424087476e-24
3.703799707669903000e+03 8.503306942667596445e-24
3.732663510382638378e+03 8.568513976467760614e-24
3.761752249423684134e+03 8.634244385799325382e-24
3.791067677727412502e+03 8.700502250449534979e-24
3.820611561888846154e+03 8.767291685371252434e-24
3.850385682270137295e+03 8.834616841136440320e-24
3.880391833107845287e+03 8.902481904764290647e-24
3.910631822621046013e+03 8.970891102730145094e-24
3.941107473120324357e+03 9.039848731858062545e-24
3.971820621117577048e+03 9.109372403863359688e-24
4.002773117436670418e+03 9.179426229200627496e-24
4.033966827324999485e+03 9.250054846194811937e-24
4.065403630565878302e+03 9.321249282004730767e-24
4.097085421591806153e+03 9.393013957745070629e-24
4.129014109598654613e+03 9.465353354137488646e-24
4.161191618660706808e+03 9.538271993069698024e-24
4.193619887846588426e+03 9.611774436130293686e-24
4.226300871336150522e+03 9.685865284630213860e-24
4.259236538538216337e+03 9.760549179890765588e-24
4.292428874209245805e+03 9.835830803611749875e-24
4.325879878572969574e+03 9.911714878300396647e-24
4.359591567440910694e+03 9.988206167852577641e-24
4.393565972333847640e+03 1.006530947891000868e-23
4.427805140604265034e+03 1.014302967043124956e-23
4.462311135559713875e+03 1.022137489520715337e-23
4.497086036587142189e+03 1.030034021703041911e-23
4.532131939278221580e+03 1.037994046909094041e-23
4.567450955555624205e+03 1.046017742216869174e-23
4.603045213800271085e+03 1.054105612065715880e-23
4.638916858979625431e+03 1.062258166952769295e-23
4.675068052776933655e+03 1.070475922008030381e-23
4.711500973721477749e+03 1.078759396920491109e-23
4.748217817319889036e+03 1.087109115962621616e-23
4.785220796188435088e+03 1.095525608032085418e-23
4.822512140186340730e+03 1.104009406701097827e-23
4.860094096550195900e+03 1.112561050282237769e-23
4.897968930029359399e+03 1.121181081996618412e-23
4.936138923022424024e+03 1.129870052151455478e-23
4.974606375714784917e+03 1.138628515124836515e-23
5.013373606217240194e+03 1.147457006038326588e-23
5.052442950705666590e+03 1.156356115647018352e-23
5.091816763561832886e+03 1.165326401764050548e-23
5.131497417515263805e+03 1.174368436720721627e-23
5.171487303786206212e+03 1.183482798204525592e-23
5.211788832229764921e+03 1.192670069101544801e-23
5.252404431481100801e+03 1.201930837524317411e-23
5.293336549101775745e+03 1.211265696862496631e-23
5.334587651727275443e+03 1.220675245843702976e-23
5.376160225215634455e+03 1.230160088628138780e-23
5.418056774797226353e+03 1.239720835322195917e-23
5.460279825225763489e+03 1.249358196874187221e-23
5.502831920930424531e+03 1.259072501949857004e-23
5.545715626169172538e+03 1.268864669578052484e-23
5.588933525183312668e+03 1.278735234486996567e-23
5.632488222353206766e+03 1.288684833981464438e-23
5.676382342355199398e+03 1.298714111424949572e-23
5.720618530319820820e+03 1.308823716069483889e-23
5.765199451991168644e+03 1.319014303097003547e-23
5.810127793887530970e+03 1.329286533682552631e-23
5.855406263463321011e+03 1.339641075074275247e-23
5.901037589272206787e+03 1.350078600807355935e-23
5.947024521131527763e+03 1.360599834525386423e-23
5.993369830288033882e+03 1.371205328346929596e-23
6.040076309584871524e+03 1.381895907914386330e-23
6.087146773629861855e+03 1.392672227811082571e-23
6.134584058965156146e+03 1.403534992700452895e-23
6.182391024238146201e+03 1.414484914045753216e-23
6.230570550373715378e+03 1.425522709944195010e-23
6.279125540747884770e+03 1.436649105183935334e-23
6.328058921362751789e+03 1.447864831322152870e-23
6.377373641022825723e+03 1.459170626802672005e-23
6.427072671512701163e+03 1.470567238446783537e-23
6.477159007776187536e+03 1.482055414002262945e-23
6.527635668096761037e+03 1.493635916426710852e-23
6.578505694279438103e+03 1.505309512120092555e-23
6.629772151834115903e+03 1.517076974351384880e-23
6.681438130160286164e+03 1.528939084170912603e-23
6.733506742733188730e+03 1.540896630061859935e-23
6.785981127291471239e+03 1.552950408007599599e-23
6.838864446026256701e+03 1.565101221584909239e-23
6.892159885771680820e+03 1.577349882147890741e-23
6.945870658196978184e+03 1.589697235033185560e-23
7.000000000000001819e+03 1.602144027169584043e-23
